   0    0    0    0    0    0    0    0    0    0    0    0    0    0    0    0    0    0    0    0    0    0    0    0    0    0    0    0    0    0    0    0
   0    0    0    0    0    0    0    0    0    0    0    0    0    0    0    0    0    0    0    0    0    0    0    0    0    0    0    0    0    0    0    0
   0    0    0    0    0    0    0    0    0    0    0    0    0    0    0    0    0    0    0    0    0    0    0    0    0    0    0    0    0    0    0    0
   0    0    0    0    0    0    0    0    0    0    0    0    0    0    0    0    0    0    0    0    0    0    0    0    0    0    0    0    0    0    0    0
   0    0    0    0    0    0    0    0    0    0    0    0    0    0    0    4   33   76   52   36   35   35   30    6    0    0    0    0    0    0    0    0
   0    0    0    0    0    0    0    0    0    0    0    0    0    0    1   13  126  198  161  135  134  134  120   54    4    0    0    0    0    0    0    0
   0    0    0    0    0    0    0    0    0    0    2    8   11    7    2   24  238  253  253  253  253  253  238  163   53   17    3    0    0    0    0    0
   0    0    0    0    0    0    0    0    0    0   14   50   71   49    6   23  233  252  253  253  253  253  253  250  239   91   18    0    0    0    0    0
   0    0    0    0    0    0    0    0    0    0   91  194  236  182   64   15  156  237  253  253  253  253  253  253  252   96   19    0    0    0    0    0
   0    0    0    0    0    0    0    1    8   95  193  242  252  215  109    7   84  194  242  253  253  253  253  253  253  197   57    0    0    0    0    0
   0    0    0    0    0    0    0    7   98  197  241  252  253  231  153   24   23   58  150  225  219  188  220  253  253  238  109   23    0    0    0    0
   0    0    0    0    0    2   19   84  197  244  253  253  253  246  197   51    3    0   54  113  107   76  123  225  251  250  161   53    0    0    0    0
   0    0    0    0    0   13   68  191  247  252  253  253  253  247  201   53    4    0    6   20   17    7   37  137  245  253  198   84    8    0    0    0
   0    0    0    0    0   26  114  253  253  253  253  253  251  219  133   26    2    0    0    0    0    0    7   52  239  253  226  120   27    0    0    0
   0    0    0    0    0   37  143  253  253  253  253  253  239  163   27    0    0    0    0    0    0    0   14   85  242  253  253  155   44    0    0    0
   0    0    0    0    0   79  254  253  253  253  253  250  208  107    0    0    0    0    0    0    0    0   40  214  250  253  253  155   44    0    0    0
   0    0    0    0    0   79  254  253  253  253  253  210  112   18    0    0    0    0    0    0    0    0   40  214  250  253  253  155   44    0    0    0
   0    0    0    0    0   79  254  253  253  253  229  115   21    2    0    0    0    0    0   20  101  190  208  245  252  253  200   87   10    0    0    0
   0    0    0    0    0   79  254  253  253  253  223   92    1    0    0    0    0   55   91  133  196  247  251  253  253  247  141   41    1    0    0    0
   0    0    0    0    0   80  255  253  253  253  226  110   30   30   43  103  127  171  199  222  243  253  253  253  253  169   66   12    0    0    0    0
   0    0    0    0    0   67  222  253  253  253  240  181  141  141  154  214  237  246  251  253  253  253  253  251  229   88   17    0    0    0    0    0
   0    0    0    0    0   43  159  253  253  253  253  253  253  253  253  253  253  253  253  253  253  251  245  228  146   43    6    0    0    0    0    0
   0    0    0    0    0   23  105  246  252  253  253  253  253  253  253  253  253  253  253  253  251  234  194  148   28    4    0    0    0    0    0    0
   0    0    0    0    0   13   71  203  248  253  253  253  253  253  253  253  253  253  253  252  238  170   51    0    0    0    0    0    0    0    0    0
   0    0    0    0    0    1   11   60  218  248  253  253  253  253  253  253  253  253  250  242  166   53    3    0    0    0    0    0    0    0    0    0
   0    0    0    0    0    0    1   11   71  191  242  253  253  253  253  253  253  211  158   86   30    8    0    0    0    0    0    0    0    0    0    0
   0    0    0    0    0    0    0    1   12   80  136  210  253  237  189  133  133   88   48   16    0    0    0    0    0    0    0    0    0    0    0    0
   0    0    0    0    0    0    0    0    0   15   39   83  111  101   70   34   34   16    4    0    0    0    0    0    0    0    0    0    0    0    0    0
   0    0    0    0    0    0    0    0    0    0    0    0    0    0    0    0    0    0    0    0    0    0    0    0    0    0    0    0    0    0    0    0
   0    0    0    0    0    0    0    0    0    0    0    0    0    0    0    0    0    0    0    0    0    0    0    0    0    0    0    0    0    0    0    0
   0    0    0    0    0    0    0    0    0    0    0    0    0    0    0    0    0    0    0    0    0    0    0    0    0    0    0    0    0    0    0    0
   0    0    0    0    0    0    0    0    0    0    0    0    0    0    0    0    0    0    0    0    0    0    0    0    0    0    0    0    0    0    0    0
