   0    0    0    0    0    0    0    0    0    0    0    0    0    0    0    0    0    0    0    0    0    0    0    0    0    0    0    0    0    0    0    0
   0    0    0    0    0    0    0    0    0    0    0    0    0    0    0    0    0    0    0    0    0    0    0    0    0    0    0    0    0    0    0    0
   0    0    0    0    0    0    0    0    0    0    0    0    0    0    0    0    0    0    0    0    0    0    0    0    0    0    0    0    0    0    0    0
   0    0    0    0    0    0    0    0    0    0    0    0    0    0    0    0    0    0    0    0    0    0    0    0    0    0    0    0    0    0    0    0
   0    0    0    0    0    0    0    0    0    0    0    0    0    0    0    0    0    0    0    0    0    0    0    0    0    0    0    0    0    0    0    0
   0    0    0    0    0    0    0    0    0   25   64   79   79   79   77   66   39   17    4    0    0    0    0    0    0    0    0    0    0    0    0    0
   0    0    0    0    0    0    0    2   31  109  214  254  254  254  248  219  148   75   19    0    0    0    0    0    0    0    0    0    0    0    0    0
   0    0    0    0    0    0    1   15  171  235  249  249  248  246  241  244  252  167   50    3    0    0    0    0    0    0    0    0    0    0    0    0
   0    0    0    0    0    0   11   71  229  250  224  195  182  146   75  118  244  244  135   38    0    0    0    0    0    0    0    0    0    0    0    0
   0    0    0    0    0    0    6   37  170  190  101   45   33   26   22   86  242  252  152   47    0    0    0    0    0    0    0    0    0    0    0    0
   0    0    0    0    0    0    1    9   49   55   23    3    0    0   13   81  242  251  146   44    0    0    0    0    0    0    0    0    0    0    0    0
   0    0    0    0    0    0    0    0    0    0    0    0    0    2   28  125  245  202   88   18    0    0    0    0    0    0    0    0    0    0    0    0
   0    0    0    0    0    0    0    0    0    0    0    0   11   52  128  200  250  145   38    0    0    0    0    0    0    0    0    0    0    0    0    0
   0    0    0    0    0    0    0    0    0    0    1   20   71  156  245  252  246  106   23    0    0    0    0    0    0    0    0    0    0    0    0    0
   0    0    0    0    0    0    0    0    0    5   34   98  186  250  253  251  234  104   35    7    0    0    0    0    0    0    0    0    0    0    0    0
   0    0    0    0    0    0    0    0    0   25  167  243  253  253  253  253  253  229  138   51    9    2    0    0    0    0    0    0    0    0    0    0
   0    0    0    0    0    0    0    0    0   28  184  252  253  253  253  253  253  251  244  214  128   31    0    0    0    0    0    0    0    0    0    0
   0    0    0    0    0    0    0    0    0   24  157  214  214  183  112  103  103  182  237  248  222  145   33    0    0    0    0    0    0    0    0    0
   0    0    0    0    0    0    0    0    0    7   47   64   64   52   25   21   21   84  164  227  249  221  143   23    1    0    0    0    0    0    0    0
   0    0    0    0    0    0    0    0    0    0    0    0    0    0    0    0    0   21   59  150  229  249  204   45    3    0    0    0    0    0    0    0
   0    0    0    0    0    0    0    0    0    0    0    0    0    0    0    0    0    0    1   56  151  229  230  122   24    3    0    0    0    0    0    0
   0    0    0    0    0    0    0    0    0    0    0    0    0    0    0    0    0    0    0    0   67  183  249  220   61    9    0    0    0    0    0    0
   0    0    0    0    0    0    0    0    0    0    0    0    0    0    0    0    0    0    0    4   60  167  253  242   86   14    0    0    0    0    0    0
   0    0    0    0    0    0    0    0    0    0    0    0    0    0    0    0    1    3    7   33  129  236  253  241   85   14    0    0    0    0    0    0
   0    0    0    0    0    0    0    0    0    0    0    0    0    0    0    1   10   50  109  178  231  252  250  228   69   11    0    0    0    0    0    0
   0    0    0    0    0    0    0    0    0    0    0    0   15   33   51  127  157  207  227  241  250  244  203  108   17    2    0    0    0    0    0    0
   0    0    0    0    0    0    0    0    0    1   14   70  142  186  194  223  234  250  253  245  199  127   68   25    2    0    0    0    0    0    0    0
   0    0    0    0    0    0    0    0    0    8   57  132  208  253  253  252  240  188  175  133   77   32    5    0    0    0    0    0    0    0    0    0
   0    0    0    0    0    0    0    0    0    7   48   87  121  142  142  141  129   77   64   28    0    0    0    0    0    0    0    0    0    0    0    0
   0    0    0    0    0    0    0    0    0    0    0    0    0    0    0    0    0    0    0    0    0    0    0    0    0    0    0    0    0    0    0    0
   0    0    0    0    0    0    0    0    0    0    0    0    0    0    0    0    0    0    0    0    0    0    0    0    0    0    0    0    0    0    0    0
   0    0    0    0    0    0    0    0    0    0    0    0    0    0    0    0    0    0    0    0    0    0    0    0    0    0    0    0    0    0    0    0
