   0    0    0    0    0    0    0    0    0    0    0    0    0    0    0    0    0    0    0    0    0    0    0    0    0    0    0    0    0    0    0    0
   0    0    0    0    0    0    0    0    0    0    0    0    0    0    0    0    0    0    0    0    0    0    0    0    0    0    0    0    0    0    0    0
   0    0    0    0    0    0    0    0    0    0    0    0    0    0    0    0    0    0    0    0    0    0    0    0    0    0    0    0    0    0    0    0
   0    0    0    0    0    0    0    0    0    0    0    0    0    0    0    0    0    0    0    0    0    0    0    0    0    0    0    0    0    0    0    0
   0    0    0    0    0    0    1    6   17   55   64   40   12    0    0    0    0    0    0    0    0    0    0    0    0    0    0    0    0    0    0    0
   0    0    0    0    0    1   12   52  103  166  179  141   85   37    5    0    0    0    0    0    0    0    0    0    0    0    0    0    0    0    0    0
   0    0    0    0    0   11   57  159  247  253  253  251  220  142   50   12    1    0    0    0    0    0    0    0    0    0    0    0    0    0    0    0
   0    0    0    0    0   41  154  253  253  248  244  244  247  246  202   77   12    2    0    0    0    0    0    0    0    0    0    0    0    0    0    0
   0    0    0    0    0   33  132  253  252  171  124  114  170  242  249  229  127   30    3    0    0    0    0    0    0    0    0    0    0    0    0    0
   0    0    0    0    0   52  183  249  187   56   22   20   53  139  241  251  231  152   44    2    0    0    0    0    0    0    0    0    0    0    0    0
   0    0    0    0    0   73  236  243   92   15    0    0    8   48  131  215  250  230  149   52    1    0    0    0    0    0    0    0    0    0    0    0
   0    0    0    0    0   68  224  239   50    7    0    0    0    8   42  123  236  251  226  122   28    0    0    0    0    0    0    0    0    0    0    0
   0    0    0    0    0   53  185  239   46    6   30   66   63   38   44   77  189  243  253  168   57    0    0    0    0    0    0    0    0    0    0    0
   0    0    0    0    0   41  153  240   59   19  105  182  179  139  139  142  177  239  253  198   98   19    4    0    0    0    0    0    0    0    0    0
   0    0    0    0    0   24  106  213   76   44  182  250  253  253  253  253  253  253  253  239  179   97   50   16    3    0    0    0    0    0    0    0
   0    0    0    0    0    4   27   82   16   29  168  239  248  250  253  253  253  253  253  253  253  250  217   94   27    7    1    0    0    0    0    0
   0    0    0    0    0    0    2    5    1    2   60  131  174  205  253  253  253  253  253  253  253  253  251  240  200   70   12    0    0    0    0    0
   0    0    0    0    0    0    0    0    0    0   10   23   33   44   60   61   78   78   66   60  106  190  247  252  245  175   76   17    0    0    0    0
   0    0    0    0    0    0    0    0    0    0   10   28   23    2    5    5   12   12    7    5   23   67  136  225  251  236  169   62    0    0    0    0
   0    0    0    0    0    0    0    0    0   35  105  151  112   30    0    0    0    0    0    0    0    8   39  107  225  250  227  117   23    0    0    0
   0    0    0    0    0    0    0    0    0   67  186  242  209  114   20    0    0    0    0    0    0    0    1   16  138  233  248  178   70    0    0    0
   0    0    0    0    0    0    0    0    0   50  161  232  253  191   47    0    0    0    0    0    0    0    0    4   63  217  252  210   99    0    0    0
   0    0    0    0    0    0    0    0    0    0   67  178  246  202   78   28    9    1    0    0    0    7   24   45  121  228  253  192   82    0    0    0
   0    0    0    0    0    0    0    0    0    0    9  105  209  242  211  157   59   22   16   16   16   48  138  216  245  252  251  186   78    0    0    0
   0    0    0    0    0    0    0    0    0    0    1   14  110  230  245  247  238  234  233  233  233  237  245  251  252  253  219  104   15    0    0    0
   0    0    0    0    0    0    0    0    0    0    0    1   19   67  137  199  230  248  252  252  252  252  253  250  209  159   85   27    2    0    0    0
   0    0    0    0    0    0    0    0    0    0    0    0    0    9   35   60   86  102  152  149  146  157  133  102   68   44   17    3    0    0    0    0
   0    0    0    0    0    0    0    0    0    0    0    0    0    0    0    1   10   15   46   45   42   50   34   15    4    0    0    0    0    0    0    0
   0    0    0    0    0    0    0    0    0    0    0    0    0    0    0    0    0    0    0    0    0    0    0    0    0    0    0    0    0    0    0    0
   0    0    0    0    0    0    0    0    0    0    0    0    0    0    0    0    0    0    0    0    0    0    0    0    0    0    0    0    0    0    0    0
   0    0    0    0    0    0    0    0    0    0    0    0    0    0    0    0    0    0    0    0    0    0    0    0    0    0    0    0    0    0    0    0
   0    0    0    0    0    0    0    0    0    0    0    0    0    0    0    0    0    0    0    0    0    0    0    0    0    0    0    0    0    0    0    0
