   0    0    0    0    0    0    0    0    0    0    0    0    0    0    0    0    0    0    0    0    0    0    0    0    0    0    0    0    0    0    0    0
   0    0    0    0    0    0    0    0    0    0    0    0    0    0    0    0    0    0    0    0    0    0    0    0    0    0    0    0    0    0    0    0
   0    0    0    0    0    0    0    0    0    0    0    0    0    0    0    0    0    0    0    0    0    0    0    0    0    0    0    0    0    0    0    0
   0    0    0    0    0    0    0    0    0    0    0    0    0    0    0    0    0    0    0    0    0    0    0    0    0    0    0    0    0    0    0    0
   0    0    0    0    0    0    0    0    0    0    0    0    0    0    0    0    0    0    0    4   13   21   21   20    8   47   43   28   11    0    0    0
   0    0    0    0    0    0    0    0    0    0    0    0    0    0    0    0    0   19   40   66   93  111  111  109   80  149  147  123   62    0    0    0
   0    0    0    0    0    0    0    0    0    0    0    0    0    2   10   28   45   97  152  201  237  253  253  251  224  242  251  253  142    0    0    0
   0    0    0    0    0    0    0    0    0    0    0    0    0   12   58  155  239  251  253  253  253  253  253  250  248  248  248  248  139    0    0    0
   0    0    0    0    0    0    0    0    0    0    0    0    0   19   96  246  252  253  253  253  253  253  246  213  178  175  175  175   99    0    0    0
   0    0    0    0    0    0    0    0    0   13   79   80   33   18   93  240  233  239  202  164  129   91   61   48   33   32   32   32   18    0    0    0
   0    0    0    0    0    0    0    1    7  121  194  137   43    6   33   95   73   90   67   45   31   17    6    3    0    0    0    0    0    0    0    0
   0    0    0    0    0    0    1   10   98  208  200  103   23    0    3   13    1   11    5    0    0    0    0    0    0    0    0    0    0    0    0    0
   0    0    0    0    0    2   16   71  201  238  132   39    3    0    0    0    0    0    0    0    0    0    0    0    0    0    0    0    0    0    0    0
   0    0    0    0    0   12   62  175  239  183   60    5    0    0    0    0    0    0    0    0    0    0    0    0    0    0    0    0    0    0    0    0
   0    0    0    0    0   32  131  250  216   59    7    0    0    0    0    0    0    0    0    0    0    0    0    0    0    0    0    0    0    0    0    0
   0    0    0    0    0   49  173  248  183   40    5    1    0    0    0    0    0    0    0    0    0    0    0    0    0    0    0    0    0    0    0    0
   0    0    0    0    0   71  234  253  242  142   68   20    0    0    0    0    0    0    0    0    0    0    0    0    0    0    0    0    0    0    0    0
   0    0    0    0    0   79  252  253  252  234  218  161  100   81   93   67   37   34   59   43   13    0    0    0    0    0    0    0    0    0    0    0
   0    0    0    0    0   55  190  253  253  253  253  234  212  205  210  200  188  187  196  182  145   80    0    0    0    0    0    0    0    0    0    0
   0    0    0    0    0   19   77  146  228  235  247  252  253  253  253  253  253  253  253  248  232  170   57    0    0    0    0    0    0    0    0    0
   0    0    0    0    0    1    7   35  117  124  156  172  198  237  253  253  253  253  253  253  253  219  119    0    0    0    0    0    0    0    0    0
   0    0    0    0    0    0    0    0    0    0   32   48  105  200  253  250  223  196  214  241  253  229  142    0    0    0    0    0    0    0    0    0
   0    0    0    0    0    0    0    0    0    0    0    0   47  153  252  245  176   94  148  221  253  227  138    0    0    0    0    0    0    0    0    0
   0    0    0    0    0    0    0    0    0    0    0    0   21  110  249  253  253  203  233  253  251  214  113    0    0    0    0    0    0    0    0    0
   0    0    0    0    0    0    0    0    0    0    0    0    5   61  187  253  253  250  252  251  219  130   16    0    0    0    0    0    0    0    0    0
   0    0    0    0    0    0    0    0    0    0    0    0    1   17   77  196  233  250  235  184   99   23    2    0    0    0    0    0    0    0    0    0
   0    0    0    0    0    0    0    0    0    0    0    0    0    2   16   61  131  173  115   60   23    0    0    0    0    0    0    0    0    0    0    0
   0    0    0    0    0    0    0    0    0    0    0    0    0    0    0    3   38   61   27    4    0    0    0    0    0    0    0    0    0    0    0    0
   0    0    0    0    0    0    0    0    0    0    0    0    0    0    0    0    0    0    0    0    0    0    0    0    0    0    0    0    0    0    0    0
   0    0    0    0    0    0    0    0    0    0    0    0    0    0    0    0    0    0    0    0    0    0    0    0    0    0    0    0    0    0    0    0
   0    0    0    0    0    0    0    0    0    0    0    0    0    0    0    0    0    0    0    0    0    0    0    0    0    0    0    0    0    0    0    0
   0    0    0    0    0    0    0    0    0    0    0    0    0    0    0    0    0    0    0    0    0    0    0    0    0    0    0    0    0    0    0    0
