   0    0    0    0    0    0    0    0    0    0    0    0    0    0    0    0    0    0    0    0    0    0    0    0    0    0    0    0    0    0    0    0
   0    0    0    0    0    0    0    0    0    0    0    0    0    0    0    0    0    0    0    0    0    0    0    0    0    0    0    0    0    0    0    0
   0    0    0    0    0    0    0    0    0    0    0    0    0    0    0    0    0    0    0    0    0    0    0    0    0    0    0    0    0    0    0    0
   0    0    0    0    0    0    0    0    0    0    0    0    0    0    0    0    0    0    0    0    0    0    0    0    0    0    0    0    0    0    0    0
   0    0    0    0    0    0    0    0    0    0    0    0    0    0    0    0    0    0    0    0    0    0    0    0    0    0    0    0    0    0    0    0
   0    0    0    0    0    0    0    0    0    0    0    9   39   48    0    0    0    0    0    0    0    7   19    8    1    0    0    0    0    0    0    0
   0    0    0    0    0    0    0    0    0    0    0   36  134  155    0    0    0    0    0    0    0   27   79   52    4    0    0    0    0    0    0    0
   0    0    0    0    0    0    0    0    0    0    0   71  172  159    0    0    0    0    0    0    0   45  150  161   12    0    0    0    0    0    0    0
   0    0    0    0    0    0    0    0    0    0    3  108  208  159    0    0    0    0    0    0    0   31  119  196   22    2    0    0    0    0    0    0
   0    0    0    0    0    0    0    0    0    0   39  161  202  105    0    0    0    0    0    0    0   35  136  231   33    4    0    0    0    0    0    0
   0    0    0    0    0    0    0    0    0   25  136  208  150   34    0    0    0    0    0    0    0   53  183  238   35    4    0    0    0    0    0    0
   0    0    0    0    0    0    0    0    0   93  202  176   72    4    0    0    0    0    0    0    5   78  232  239   36    4    0    0    0    0    0    0
   0    0    0    0    0    0    0    2   35  170  222  118   17    0    0    0    0    0    0    0   32  129  249  212   28    3    0    0    0    0    0    0
   0    0    0    0    0    0    0    7  104  220  199   78    0    0    0    0    0    0    0    6   80  195  233  142   13    1    0    0    0    0    0    0
   0    0    0    0    0    0    1   14  168  238  138   37    0    0    0    0    0    0    0   29  132  238  208   50    3    0    0    0    0    0    0    0
   0    0    0    0    0    0    3   29  214  243   77    0    0    0    0    0    0    0    0   76  187  238  169    0    0    0    0    0    0    0    0    0
   0    0    0    0    0    0    4   36  236  185   53    0    0    0    0    0    0    0    0   94  204  226  138    0    0    0    0    0    0    0    0    0
   0    0    0    0    0    0    2   24  201  203   73    7    0    0    0    0    0    0   12  141  244  210   96    0    0    0    0    0    0    0    0    0
   0    0    0    0    0    0    1   14  169  227  173   95   58   58   58   61   87  108  132  204  252  206   86    0    0    0    0    0    0    0    0    0
   0    0    0    0    0    0    0    7   91  185  219  199  179  179  179  180  186  199  219  241  252  189   42    0    0    0    0    0    0    0    0    0
   0    0    0    0    0    0    0    2   21   82  140  170  179  179  179  176  133  130  186  235  252  175    4    0    0    0    0    0    0    0    0    0
   0    0    0    0    0    0    0    0    0    0   23   47   58   58   58   54    3    0  104  207  252  177   12    0    0    0    0    0    0    0    0    0
   0    0    0    0    0    0    0    0    0    0    0    0    0    0    0    0    0    0   87  197  252  185   30    0    0    0    0    0    0    0    0    0
   0    0    0    0    0    0    0    0    0    0    0    0    0    0    0    0    0    0   88  198  253  174    0    0    0    0    0    0    0    0    0    0
   0    0    0    0    0    0    0    0    0    0    0    0    0    0    0    0    0    0   87  197  252  173    0    0    0    0    0    0    0    0    0    0
   0    0    0    0    0    0    0    0    0    0    0    0    0    0    0    0    0    0   92  200  250  169    0    0    0    0    0    0    0    0    0    0
   0    0    0    0    0    0    0    0    0    0    0    0    0    0    0    0    0    0  139  224  202  105    0    0    0    0    0    0    0    0    0    0
   0    0    0    0    0    0    0    0    0    0    0    0    0    0    0    0    0    0  139  167  100   33    0    0    0    0    0    0    0    0    0    0
   0    0    0    0    0    0    0    0    0    0    0    0    0    0    0    0    0    0   69   65   21    0    0    0    0    0    0    0    0    0    0    0
   0    0    0    0    0    0    0    0    0    0    0    0    0    0    0    0    0    0    0    0    0    0    0    0    0    0    0    0    0    0    0    0
   0    0    0    0    0    0    0    0    0    0    0    0    0    0    0    0    0    0    0    0    0    0    0    0    0    0    0    0    0    0    0    0
   0    0    0    0    0    0    0    0    0    0    0    0    0    0    0    0    0    0    0    0    0    0    0    0    0    0    0    0    0    0    0    0
