   0    0    0    0    0    0    0    0    0    0    0    0    0    0    0    0    0    0    0    0    0    0    0    0    0    0    0    0    0    0    0    0
   0    0    0    0    0    0    0    0    0    0    0    0    0    0    0    0    0    0    0    0    0    0    0    0    0    0    0    0    0    0    0    0
   0    0    0    0    0    0    0    0    0    0    0    0    0    0    0    0    0    0    0    0    0    0    0    0    0    0    0    0    0    0    0    0
   0    0    0    0    0    0    0    0    0    0    0    0    0    0    0    0    0    0    0    0    0    0    0    0    0    0    0    0    0    0    0    0
   0    0    0    0    0    0    0    0    0    0    0    0    0    0    0    0    0    0    0    0    0    0    0    0    0    0    0    0    0    0    0    0
   0    0    0    0    0    0    0    0    0    0    0    0   27   48   15    0    0    0    0    0    0    0    0    0    0    0    0    0    0    0    0    0
   0    0    0    0    0    0    0    0    0    0    0    5   95  159   46    0    0    0    0    0    0    0    0    0    0    0    0    0    0    0    0    0
   0    0    0    0    0    0    0    0    0    0    0   33  139  179   33    0    0    0    6    7    3    0    0    0    0    0    0    0    0    0    0    0
   0    0    0    0    0    0    0    0    0    0    1  101  203  170   18    0    0    0   86   98   44    0    0    0    0    0    0    0    0    0    0    0
   0    0    0    0    0    0    0    0    0    0   50  148  145   46    3    0    0    0   90  143   87    0    0    0    0    0    0    0    0    0    0    0
   0    0    0    0    0    0    0    0    0    0   80  135   88    6    0    0    0    0   71  155  111    0    0    0    0    0    0    0    0    0    0    0
   0    0    0    0    0    0    0    0    0   15  135  147   65    0    0    0    0    0   63  168  135   12    0    0    0    0    0    0    0    0    0    0
   0    0    0    0    0    0    0    0    0   56  179  141   41    0    0    0    0    0   87  192  155   29    0    0    0    0    0    0    0    0    0    0
   0    0    0    0    0    0    0    1    9  127  180   92    8    0    0    0    0   10  138  204  136   28    0    0    0    0    0    0    0    0    0    0
   0    0    0    0    0    0    0    4   45  205  147   45    0    0    0    0    0   29  180  185   77    0    0    0    0    0    0    0    0    0    0    0
   0    0    0    0    0    0    1   12  127  218   86    8    0    0    0    0    0   11  160  174   75    0    0    0    0    0    0    0    0    0    0    0
   0    0    0    0    0    0    3   30  232  195   58    1    0    0    0    0    0    1  116  150   75    0    0    0    0    0    0    0    0    0    0    0
   0    0    0    0    0    0    2   22  191  219  145   94   54   11    0    0    0    0   85  166  124   25   25   24    3    0    0    0    0    0    0    0
   0    0    0    0    0    0    1    7   62  121  132  150  162  153  144  144  145  144  176  220  217  173  139   87   11    1    0    0    0    0    0    0
   0    0    0    0    0    0    0    0    4   32   51   72   92  101  103  114  141  143  188  230  196  118   85   49    6    0    0    0    0    0    0    0
   0    0    0    0    0    0    0    0    0    0    0    0    2    7   11   23   49   51  141  213  145   19    2    0    0    0    0    0    0    0    0    0
   0    0    0    0    0    0    0    0    0    0    0    0    0    0    0    0    0    0  113  187  120    8    0    0    0    0    0    0    0    0    0    0
   0    0    0    0    0    0    0    0    0    0    0    0    0    0    0    0    0    0  104  152   85    0    0    0    0    0    0    0    0    0    0    0
   0    0    0    0    0    0    0    0    0    0    0    0    0    0    0    0    0    0   63  148  109    1    0    0    0    0    0    0    0    0    0    0
   0    0    0    0    0    0    0    0    0    0    0    0    0    0    0    0    0    0   63  169  144   22    0    0    0    0    0    0    0    0    0    0
   0    0    0    0    0    0    0    0    0    0    0    0    0    0    0    0    0    0   23  156  166   38    0    0    0    0    0    0    0    0    0    0
   0    0    0    0    0    0    0    0    0    0    0    0    0    0    0    0    0    0    6  129  200  117    0    0    0    0    0    0    0    0    0    0
   0    0    0    0    0    0    0    0    0    0    0    0    0    0    0    0    0    0    1   86  168  130    0    0    0    0    0    0    0    0    0    0
   0    0    0    0    0    0    0    0    0    0    0    0    0    0    0    0    0    0    0   34   75   64    0    0    0    0    0    0    0    0    0    0
   0    0    0    0    0    0    0    0    0    0    0    0    0    0    0    0    0    0    0    0    0    0    0    0    0    0    0    0    0    0    0    0
   0    0    0    0    0    0    0    0    0    0    0    0    0    0    0    0    0    0    0    0    0    0    0    0    0    0    0    0    0    0    0    0
   0    0    0    0    0    0    0    0    0    0    0    0    0    0    0    0    0    0    0    0    0    0    0    0    0    0    0    0    0    0    0    0
