   0    0    0    0    0    0    0    0    0    0    0    0    0    0    0    0    0    0    0    0    0    0    0    0    0    0    0    0    0    0    0    0
   0    0    0    0    0    0    0    0    0    0    0    0    0    0    0    0    0    0    0    0    0    0    0    0    0    0    0    0    0    0    0    0
   0    0    0    0    0    0    0    0    0    0    0    0    0    0    0    0    0    0    0    0    0    0    0    0    0    0    0    0    0    0    0    0
   0    0    0    0    0    0    0    0    0    0    0    0    0    0    0    0    0    0    0    0    0    0    0    0    0    0    0    0    0    0    0    0
   0    0    0    0    0    0    0    0    0    0    0    0    0    0    0    0    0    0    0    0    0    0    0    0    0    0    0    0    0    0    0    0
   0    0    0    0    0    0    0    0    0    0    0    0    0    0    0    0    0    0    0    0   23   45   23    0    0    0    0    0    0    0    0    0
   0    0    0    0    0    0    0    0    0    0    0    0    0    0    0    0    0    0    0    0   80  155   79    0    0    0    0    0    0    0    0    0
   0    0    0    0    0    0    0    0    0    0    0    0    0    0    0    0    0    0    0    3  106  201  102    0    0    0    0    0    0    0    0    0
   0    0    0    0    0    0    0    0    0    0    0    0    0    0    0    0    0    0    0   27  138  213  102    0    0    0    0    0    0    0    0    0
   0    0    0    0    0    0    0    0    0    0   21   95   93   17    0    0    0    0    0   29  140  203   73    0    0    0    0    0    0    0    0    0
   0    0    0    0    0    0    0    0    0    0   53  163  159   46    0    0    0    0    0   43  154  195   51    0    0    0    0    0    0    0    0    0
   0    0    0    0    0    0    0    0    0    0   90  200  172   47    0    0    0    0    0   81  188  177   21    0    0    0    0    0    0    0    0    0
   0    0    0    0    0    0    0    0    0    5  132  205  136   22    0    0    0    0    0  107  211  164    2    0    0    0    0    0    0    0    0    0
   0    0    0    0    0    0    0    0    0   22  170  188   85    1    0    0    0    0    3  118  210  147    0    0    0    0    0    0    0    0    0    0
   0    0    0    0    0    0    0    0    0   54  196  168   57    0    0    0    0    0   22  148  202  107    0    0    0    0    0    0    0    0    0    0
   0    0    0    0    0    0    0    0    0   99  212  139   33   10   11   12   16   16   82  192  189   72    0    0    0    0    0    0    0    0    0    0
   0    0    0    0    0    0    0    0    7  176  230  145  105  154  171  182  233  236  242  250  193   78    0    0    0    0    0    0    0    0    0    0
   0    0    0    0    0    0    0    1   13  204  250  234  226  225  201  182  192  193  230  252  240  176   62    0    0    0    0    0    0    0    0    0
   0    0    0    0    0    0    0    1   10  188  239  196  131   85   64   56   56   56  177  245  250  219  134    0    0    0    0    0    0    0    0    0
   0    0    0    0    0    0    0    0    4   84  111   79   33    7    0    0    0   12  167  231  186  124   87    0    0    0    0    0    0    0    0    0
   0    0    0    0    0    0    0    0    0    6   10    5    0    0    0    0    0   47  189  206  109   24   17    0    0    0    0    0    0    0    0    0
   0    0    0    0    0    0    0    0    0    0    0    0    0    0    0    0    0   84  208  174   63    0    0    0    0    0    0    0    0    0    0    0
   0    0    0    0    0    0    0    0    0    0    0    0    0    0    0    0    0   94  211  148   37    0    0    0    0    0    0    0    0    0    0    0
   0    0    0    0    0    0    0    0    0    0    0    0    0    0    0    0    0   94  211  145   34    0    0    0    0    0    0    0    0    0    0    0
   0    0    0    0    0    0    0    0    0    0    0    0    0    0    0    0    0   94  211  145   34    0    0    0    0    0    0    0    0    0    0    0
   0    0    0    0    0    0    0    0    0    0    0    0    0    0    0    0    0  132  226  164   52    0    0    0    0    0    0    0    0    0    0    0
   0    0    0    0    0    0    0    0    0    0    0    0    0    0    0    0    0  149  232  161   50    0    0    0    0    0    0    0    0    0    0    0
   0    0    0    0    0    0    0    0    0    0    0    0    0    0    0    0    0  119  190  116   24    0    0    0    0    0    0    0    0    0    0    0
   0    0    0    0    0    0    0    0    0    0    0    0    0    0    0    0    0   52   88   47    3    0    0    0    0    0    0    0    0    0    0    0
   0    0    0    0    0    0    0    0    0    0    0    0    0    0    0    0    0    0    0    0    0    0    0    0    0    0    0    0    0    0    0    0
   0    0    0    0    0    0    0    0    0    0    0    0    0    0    0    0    0    0    0    0    0    0    0    0    0    0    0    0    0    0    0    0
   0    0    0    0    0    0    0    0    0    0    0    0    0    0    0    0    0    0    0    0    0    0    0    0    0    0    0    0    0    0    0    0
