   0    0    0    0    0    0    0    0    0    0    0    0    0    0    0    0    0    0    0    0    0    0    0    0    0    0    0    0    0    0    0    0
   0    0    0    0    0    0    0    0    0    0    0    0    0    0    0    0    0    0    0    0    0    0    0    0    0    0    0    0    0    0    0    0
   0    0    0    0    0    0    0    0    0    0    0    0    0    0    0    0    0    0    0    0    0    0    0    0    0    0    0    0    0    0    0    0
   0    0    0    0    0    0    0    0    0    0    0    0    0    0    0    0    0    0    0    0    0    0    0    0    0    0    0    0    0    0    0    0
   0    0    0    0    0    0    0    0    0    0    0    0    0    5   23   56   82   93  106  111  111  109   90   21    1    0    0    0    0    0    0    0
   0    0    0    0    0    0    0    0    0    0    0    0   28   76  115  168  208  226  246  254  254  251  220  111   76   14    0    0    0    0    0    0
   0    0    0    0    0    0    0    0    0    0   11   33  118  224  250  247  233  218  210  208  208  213  230  250  239   62    7    0    0    0    0    0
   0    0    0    0    0    0    0    0    0    5   69  178  243  246  238  207  138   62   23   11   11   39  128  251  253  138   35    0    0    0    0    0
   0    0    0    0    0    0    0    0    0   72  176  237  217  156  104   26   10    4    2    1    1    7   58  216  250  143   37    0    0    0    0    0
   0    0    0    0    0    0    0    5   69  185  236  213  128   44   18    2    0    0    0    0    0    1   33  167  248  143   37    0    0    0    0    0
   0    0    0    0    0    0   12   76  192  220  147   81   36    6    0    0    0    0    0    0    0    0   28  156  247  143   37    0    0    0    0    0
   0    0    0    0    0    0   20  115  243  176   64   11    1    0    0    0    0    0    0    0    0    2   36  174  242   96   20    0    0    0    0    0
   0    0    0    0    0    0   14   78  156   83   21    0    0    0    0    0    0    0    0    0    0   11   68  216  239   53    3    0    0    0    0    0
   0    0    0    0    0    0    3   15   30    9    1    0    0    0    0    0    0    0    0    0    4   43  144  248  201   37    0    0    0    0    0    0
   0    0    0    0    0    0    0    0    0    0    0    0    0    0    0    0    0    0    0    5   27  110  236  217   94   16    0    0    0    0    0    0
   0    0    0    0    0    0    0    0    0    0    0    0    0    0    0    0    0    0    1   30  101  190  226  118    8    0    0    0    0    0    0    0
   0    0    0    0    0    0    0    0    0    0    0    0    0    0    0    0    0    0    8  106  209  234  174   31    2    0    0    0    0    0    0    0
   0    0    0    0    0    0    0    0    0    0    0    0    0    0    0    0    0    7   92  192  244  201   83    5    0    0    0    0    0    0    0    0
   0    0    0    0    0    0    0    0    0    0    0    0    0    0    0    1    7   92  188  220  176   93   20    0    0    0    0    0    0    0    0    0
   0    0    0    0    0    0    0    0    0    0    0    0    0    0    1   12   87  189  229  176   85   21    0    0    0    0    0    0    0    0    0    0
   0    0    0    0    0    0    0    0    0   11   14   14   35   64   74   94  192  233  174   86   23    0    0    0    0    0    0    0    0    0    0    0
   0    0    0    0    0    0    1    5   24   83  100  102  134  180  194  210  250  238  131   50   15    5    0    0    7   41   32   11    0    0    0    0
   0    0    0    0    0    5   21   50  109  221  251  253  253  253  252  249  237  249  215  146   86   53   26   15   43  127   96   32    0    0    0    0
   0    0    0    0    0   29  111  202  249  253  253  253  253  248  235  216  159  224  248  253  247  215  143   87  142  107   64   21    0    0    0    0
   0    0    0    0    3   78  240  250  253  253  253  253  248  202   95   14   11   96  203  248  253  250  245  230  163   35    4    1    0    0    0    0
   0    0    0    0   21  110  251  253  253  253  250  197  116   49   16    0    0   16   49  107  166  196  176   82   33    6    0    0    0    0    0    0
   0    0    0    0    8   63  162  166  198  177  114   62   27    4    0    0    0    0    4   23   46   57   49   14    1    0    0    0    0    0    0    0
   0    0    0    0    0   17   53   55   76   63   23    3    0    0    0    0    0    0    0    0    0    0    0    0    0    0    0    0    0    0    0    0
   0    0    0    0    0    0    0    0    0    0    0    0    0    0    0    0    0    0    0    0    0    0    0    0    0    0    0    0    0    0    0    0
   0    0    0    0    0    0    0    0    0    0    0    0    0    0    0    0    0    0    0    0    0    0    0    0    0    0    0    0    0    0    0    0
   0    0    0    0    0    0    0    0    0    0    0    0    0    0    0    0    0    0    0    0    0    0    0    0    0    0    0    0    0    0    0    0
   0    0    0    0    0    0    0    0    0    0    0    0    0    0    0    0    0    0    0    0    0    0    0    0    0    0    0    0    0    0    0    0
