   0    0    0    0    0    0    0    0    0    0    0    0    0    0    0    0    0    0    0    0    0    0    0    0    0    0    0    0    0    0    0    0
   0    0    0    0    0    0    0    0    0    0    0    0    0    0    0    0    0    0    0    0    0    0    0    0    0    0    0    0    0    0    0    0
   0    0    0    0    0    0    0    0    0    0    0    0    0    0    0    0    0    0    0    0    0    0    0    0    0    0    0    0    0    0    0    0
   0    0    0    0    0    0    0    0    0    0    0    2   52  123  134   93    6    0    0    0    0    0    0    0    0    0    0    0    0    0    0    0
   0    0    0    0    0    0    0    0    0    0    2   40  138  233  234  144   10    0    0    0    0    0    0    0    0    0    0    0    0    0    0    0
   0    0    0    0    0    0    0    0    0    0   28  120  204  219  171   80    6    0    0    0    0    0    0    0    0    0    0    0    0    0    0    0
   0    0    0    0    0    0    0    0    0    0   83  195  217  133   37    0    0    0    0    0    0    0    0    0    0    0    0    0    0    0    0    0
   0    0    0    0    0    0    0    0    0    0   98  203  191   78    0    0    0    0    0    0    0    0    0    0    0    0    0    0    0    0    0    0
   0    0    0    0    0    0    0    0    0    0  105  206  163   37    0    0    0    0    0    0    0    0    0    0    0    0    0    0    0    0    0    0
   0    0    0    0    0    0    0    0    0   17  168  218  120    6    0    0    0    0    0    0    0    0    0    0    0    0    0    0    0    0    0    0
   0    0    0    0    0    0    0    0    0   90  209  221  110    0    0    0    0    0    0    0   17   45   58   56   28    5    0    0    0    0    0    0
   0    0    0    0    0    0    0    0    0  156  234  190   79    0    0    0    0    0   59  109  142  167  179  177  152   85   22    0    0    0    0    0
   0    0    0    0    0    0    0    0    4  185  237  136   30    0    0    3   22   86  166  220  239  233  222  241  245  184   63    6    0    0    0    0
   0    0    0    0    0    0    0    3   38  200  213   89    0    3   15   47  111  214  243  229  197  154  127  160  226  235  101   17    0    0    0    0
   0    0    0    0    0    0    0    8  112  227  177   63    0   15   68  158  246  242  207  146   72   15    0   11  160  237  117   25    0    0    0    0
   0    0    0    0    0    0    0   10  151  235  156   49    1   50  173  253  246  188   83   18    0    0    0    9  132  229  114   24    0    0    0    0
   0    0    0    0    0    0    0   12  172  239  156   49   16   97  236  247  163   43    7    1    0    0    0    9  132  194   70    4    0    0    0    0
   0    0    0    0    0    0    0   12  184  242  157   50   55  165  237  171   38    6    0    0    0    0    0   10  142  189   63    1    0    0    0    0
   0    0    0    0    0    0    0   12  185  242  156   49   72  192  239  169   11    0    0    0    0    0    3   31  209  187   56    0    0    0    0    0
   0    0    0    0    0    0    0   12  185  242  156   49   37  134  237  211   78   21    3    0    0    0   24  132  240  133   33    0    0    0    0    0
   0    0    0    0    0    0    2   23  196  244  156   49    5   51  157  225  182  111   34    3   14   50  113  220  194   61   10    0    0    0    0    0
   0    0    0    0    0    0    3   30  198  244  170   60    2    6   40  143  193  154   57   35   84  157  213  202   94   16    0    0    0    0    0    0
   0    0    0    0    0    0    0   10  145  228  209  110   32   14   11   16   81   70   69  128  204  235  193   95    7    0    0    0    0    0    0    0
   0    0    0    0    0    0    0    2   24  165  234  222  153   85   69   74  134  189  236  250  227  162   62    0    0    0    0    0    0    0    0    0
   0    0    0    0    0    0    0    0    2   30  161  235  245  241  240  241  244  248  251  201  105   23    4    0    0    0    0    0    0    0    0    0
   0    0    0    0    0    0    0    0    0    4   38   97  144  186  227  161  160  160  105   52   18    2    0    0    0    0    0    0    0    0    0    0
   0    0    0    0    0    0    0    0    0    0    3   20   37   53   69   44   43   43   22    6    0    0    0    0    0    0    0    0    0    0    0    0
   0    0    0    0    0    0    0    0    0    0    0    0    0    0    0    0    0    0    0    0    0    0    0    0    0    0    0    0    0    0    0    0
   0    0    0    0    0    0    0    0    0    0    0    0    0    0    0    0    0    0    0    0    0    0    0    0    0    0    0    0    0    0    0    0
   0    0    0    0    0    0    0    0    0    0    0    0    0    0    0    0    0    0    0    0    0    0    0    0    0    0    0    0    0    0    0    0
   0    0    0    0    0    0    0    0    0    0    0    0    0    0    0    0    0    0    0    0    0    0    0    0    0    0    0    0    0    0    0    0
   0    0    0    0    0    0    0    0    0    0    0    0    0    0    0    0    0    0    0    0    0    0    0    0    0    0    0    0    0    0    0    0
