   0    0    0    0    0    0    0    0    0    0    0    0    0    0    0    0    0    0    0    0    0    0    0    0    0    0    0    0    0    0    0    0
   0    0    0    0    0    0    0    0    0    0    0    0    0    0    0    0    0    0    0    0    0    0    0    0    0    0    0    0    0    0    0    0
   0    0    0    0    0    0    0    0    0    0    0    0    0    0    0    0    0    0    0    0    0    0    0    0    0    0    0    0    0    0    0    0
   0    0    0    0    0    0    0    0    0    0    0    0    0    0    0    0    0    0    0    0    0    0    0    0    0    0    0    0    0    0    0    0
   0    0    0    0    0    0    0    0    0    0    0    0    0    0    0    0    0    0    0    0    0    0    0    0    0    0    0    0    0    0    0    0
   0    0    0    0    0    0    0    0    0    0    0    0    0    0    0    0    0    0    0    0    0    0    0    0    0    0    0    0    0    0    0    0
   0    0    0    0    0    0    0    3   40   40   24    7    0    0    0    0    0    0    7   17   23   29   43   47   44   15    3    0    0    0    0    0
   0    0    0    0    0    0    0   13  204  213  134   52   15   15   15   15   15   15   48  100  129  160  232  252  234   82   15    0    0    0    0    0
   0    0    0    0    0    0    0    5   67  203  238  231  225  225  225  225  225  226  231  239  244  246  251  252  251  120   28    0    0    0    0    0
   0    0    0    0    0    0    0    1   11   80  165  226  250  250  250  250  250  251  251  251  252  252  252  252  252  123   29    0    0    0    0    0
   0    0    0    0    0    0    0    0    0   16   51   88  106  108  121  142  108  106  106  106  160  236  252  250  216   99   23    0    0    0    0    0
   0    0    0    0    0    0    0    0    0    0    4   12   17   19   27   40   19   17   17   41  135  239  248  220  104   40    9    0    0    0    0    0
   0    0    0    0    0    0    0    0    0    0    0    0    0    0    0    0    0    0    0   54  162  249  243  192   22    2    0    0    0    0    0    0
   0    0    0    0    0    0    0    0    0    0    0    0    0    0    0    0    0    0   20  103  201  252  241  180   12    0    0    0    0    0    0    0
   0    0    0    0    0    0    0    0    0    0    0    0    0    0    0    0    0    2   85  192  249  245  213  139    9    0    0    0    0    0    0    0
   0    0    0    0    0    0    0    0    0    0    0    0    0    0    0    0    1   20  174  247  252  211  103   22    2    0    0    0    0    0    0    0
   0    0    0    0    0    0    0    0    0    0    0    0    0    0    0    1    8  153  231  252  250  188   45    1    0    0    0    0    0    0    0    0
   0    0    0    0    0    0    0    0    0    0    0    0    0    0    2   16  151  227  249  252  198   92    8    0    0    0    0    0    0    0    0    0
   0    0    0    0    0    0    0    0    0    0    0    0    0    3   34  144  229  251  253  216  119   22    0    0    0    0    0    0    0    0    0    0
   0    0    0    0    0    0    0    0    0    0    0    0    4   30  104  230  251  254  253  182   72    0    0    0    0    0    0    0    0    0    0    0
   0    0    0    0    0    0    0    0    0    0    0    0   21   90  193  252  252  253  188  102   34    0    0    0    0    0    0    0    0    0    0    0
   0    0    0    0    0    0    0    0    0    0    0    3   57  164  252  251  240  214   83   13    1    0    0    0    0    0    0    0    0    0    0    0
   0    0    0    0    0    0    0    0    0    0    2   28  117  222  252  247  191  108   29    1    0    0    0    0    0    0    0    0    0    0    0    0
   0    0    0    0    0    0    0    0    0    1   16  112  212  252  250  231   92   16    0    0    0    0    0    0    0    0    0    0    0    0    0    0
   0    0    0    0    0    0    0    0    0   13   75  184  249  252  232  138   15    1    0    0    0    0    0    0    0    0    0    0    0    0    0    0
   0    0    0    0    0    0    0    0    0  116  199  240  252  247  203   50    3    0    0    0    0    0    0    0    0    0    0    0    0    0    0    0
   0    0    0    0    0    0    0    1    6  166  237  252  252  226  140   10    1    0    0    0    0    0    0    0    0    0    0    0    0    0    0    0
   0    0    0    0    0    0    0    4   51  202  247  252  244  187   68    0    0    0    0    0    0    0    0    0    0    0    0    0    0    0    0    0
   0    0    0    0    0    0    0    3   47  199  236  237  203  116   18    0    0    0    0    0    0    0    0    0    0    0    0    0    0    0    0    0
   0    0    0    0    0    0    0    0    0  119  149  149  108   37    0    0    0    0    0    0    0    0    0    0    0    0    0    0    0    0    0    0
   0    0    0    0    0    0    0    0    0    0    0    0    0    0    0    0    0    0    0    0    0    0    0    0    0    0    0    0    0    0    0    0
   0    0    0    0    0    0    0    0    0    0    0    0    0    0    0    0    0    0    0    0    0    0    0    0    0    0    0    0    0    0    0    0
