   0    0    0    0    0    0    0    0    0    0    0    0    0    0    0    0    0    0    0    0    0    0    0    0    0    0    0    0    0    0    0    0
   0    0    0    0    0    0    0    0    0    0    0    0    0    0    0    0    0    0    0    0    0    0    0    0    0    0    0    0    0    0    0    0
   0    0    0    0    0    0    0    0    0    0    0    0    0    0    0    0    0    0    0    0    0    0    0    0    0    0    0    0    0    0    0    0
   0    0    0    0    0    0    0    0    0    0    0    0    0    0    0    0    0    0    0    0    0    0    0    0    0    0    0    0    0    0    0    0
   0    0    0    0    0    0    0    0    0    0    0    0    0    0    4   25   71  104   53   11    0    0    0    0    0    0    0    0    0    0    0    0
   0    0    0    0    0    0    0    0    0    0    0    0    5   26   69  117  191  243  145   42    0    0    0    0    0    0    0    0    0    0    0    0
   0    0    0    0    0    0    0    0    0    0    0    8   40  114  210  244  249  253  201   78    0    0    0    0    0    0    0    0    0    0    0    0
   0    0    0    0    0    0    0    0    0    1   10   52  152  243  240  222  225  249  205   80    0    0    0    0    0    0    0    0    0    0    0    0
   0    0    0    0    0    0    0    0    0   18  126  212  243  201   96   45  113  228  205   80    0    0    0    0    0    0    0    0    0    0    0    0
   0    0    0    0    0    0    0    1   15  142  215  174  101   52   16   12  103  227  186   68    0    0    0    0    0    0    0    0    0    0    0    0
   0    0    0    0    0    0    0    2   32  116  105   57   21    6    0    7  103  227  127   30    0    0    0    0    0    0    0    0    0    0    0    0
   0    0    0    0    0    0    0    1   17   40   20    4    0    0    0    7  103  218   86    6    0    0    0    0    0    0    0    0    0    0    0    0
   0    0    0    0    0    0    0    0    0    0    0    0    0    0    3   23  147  189   62    0    0    0    0    0    0    0    0    0    0    0    0    0
   0    0    0    0    0    0    0    0    0    0    0    0    0    0   12   73  201  127   34    0    0    0    0    0    0    0    0    0    0    0    0    0
   0    0    0    0    0    0    0    0    0    0    0    0    0    1   32  155  187   47    4    0    0    0    0    0    0    0    0    0    0    0    0    0
   0    0    0    0    0    0    0    0    0    0    0    0    0    9   67  226  145   26    0    0    0    0    0    0    0    0    0    0    0    0    0    0
   0    0    0    0    0    0    0    0    0    0    0    0    0   44  158  233   87   15    0    0    0    0    0    0    0    0    0    0    0    0    0    0
   0    0    0    0    0    0    0    0    0    0    0    0    6   69  184  144   22    3    0    0    0    0    0    0    0    0    0    0    0    0    0    0
   0    0    0    0    0    0    0    0    0    0    0    0   52  149  189   59    4    0    0    0    0    0    0    1    7   69  123   80   18    0    0    0
   0    0    0    0    0    0    0    0    0    0    0   25  119  201  141   13    1    0    0    0    0    3   16   52  121  181  178   90   15    0    0    0
   0    0    0    0    0    0    0    0    0    0    2   77  182  194   72    0    0    0    0    5   31   76  121  162  218  178  108   39    4    0    0    0
   0    0    0    0    0    0    0    0    0    0   33  146  202  130   21    0    0   13   46   78  128  189  223  208  160   65   14    0    0    0    0    0
   0    0    0    0    0    0    0    0    0    3  107  202  159   38    8   20   34   79  165  222  233  204  148   89    6    0    0    0    0    0    0    0
   0    0    0    0    0    0    0    0    0   22  168  201  103   19   57  115  184  235  233  194  134   63    3    0    0    0    0    0    0    0    0    0
   0    0    0    0    0    0    0    0    0   99  212  169  111  152  224  245  247  200  107   37    9    4    0    0    0    0    0    0    0    0    0    0
   0    0    0    0    0    0    0    0    3  166  239  238  227  237  241  197  110   48   18    5    0    0    0    0    0    0    0    0    0    0    0    0
   0    0    0    0    0    0    0    2   37  205  251  229  184  145  118   64   25    4    0    0    0    0    0    0    0    0    0    0    0    0    0    0
   0    0    0    0    0    0    0    1   23   95  111   95   67   42   27    4    0    0    0    0    0    0    0    0    0    0    0    0    0    0    0    0
   0    0    0    0    0    0    0    0    0    0    0    0    0    0    0    0    0    0    0    0    0    0    0    0    0    0    0    0    0    0    0    0
   0    0    0    0    0    0    0    0    0    0    0    0    0    0    0    0    0    0    0    0    0    0    0    0    0    0    0    0    0    0    0    0
   0    0    0    0    0    0    0    0    0    0    0    0    0    0    0    0    0    0    0    0    0    0    0    0    0    0    0    0    0    0    0    0
   0    0    0    0    0    0    0    0    0    0    0    0    0    0    0    0    0    0    0    0    0    0    0    0    0    0    0    0    0    0    0    0
