   0    0    0    0    0    0    0    0    0    0    0    0    0    0    0    0    0    0    0    0    0    0    0    0    0    0    0    0    0    0    0    0
   0    0    0    0    0    0    0    0    0    0    0    0    0    0    0    0    0    0    0    0    0    0    0    0    0    0    0    0    0    0    0    0
   0    0    0    0    0    0    0    0    0    0    0    0    0    0    0    0    0    0    0    0    0    0    0    0    0    0    0    0    0    0    0    0
   0    0    0    0    0    0    0    0    0    0    0    0    0    0    0    0    0    0    0    0    0    0    0    0    0    0    0    0    0    0    0    0
   0    0    0    0    0    0    0    0    0    0    0    0   12   19    4   21   49   78   62   52   41   18    0    0    0    0    0    0    0    0    0    0
   0    0    0    0    0    0    0    0    0    0    3   33   84  105   81  108  157  202  176  161  142  105   65   25    2    0    0    0    0    0    0    0
   0    0    0    0    0    0    0    0    0    0   28  126  217  244  239  237  242  240  240  240  243  244  215  107   15    2    0    0    0    0    0    0
   0    0    0    0    0    0    0    0    0    2  108  211  253  249  234  200  182  170  167  168  202  249  252  230   66   11    0    0    0    0    0    0
   0    0    0    0    0    0    0    0    0   33  171  244  243  180   69   39   24   13   11   12   67  172  253  249  171   44    5    0    0    0    0    0
   0    0    0    0    0    0    0    0    0   44  189  252  199   93   11    5    2    0    0    0   11   65  174  250  240   97   20    0    0    0    0    0
   0    0    0    0    0    0    0    0    0   49  193  217  120   23    0    0    0    0    0    0    0   13   77  231  253  154   41    0    0    0    0    0
   0    0    0    0    0    0    0    0    0  111  217  183   72    0    0    0    0    0    0    0    0    0   34  186  250  201   59    0    0    0    0    0
   0    0    0    0    0    0    0    1   14  170  234  155   47    0    0    0    0    0    0    0    0    0   23  130  246  221   67    0    0    0    0    0
   0    0    0    0    0    0    0    4   59  199  222  118   23    0    0    0    0    0    0    0    0    0   16   95  243  221   67    0    0    0    0    0
   0    0    0    0    0    0    0    9  134  231  182   66    0    0    0    0    0    0    0    0    0    0   16   95  243  221   67    0    0    0    0    0
   0    0    0    0    0    0    0   13  201  232  113   24    0    0    0    0    0    0    0    0    0    0   16   95  243  221   67    0    0    0    0    0
   0    0    0    0    0    0    0   13  201  204   65    2    0    0    0    0    0    0    0    0    0    0   16   95  243  221   67    0    0    0    0    0
   0    0    0    0    0    0    2   22  205  203   62    0    0    0    0    0    0    0    0    0    0    0   16   95  243  221   67    0    0    0    0    0
   0    0    0    0    0    0   13   82  232  207   62    0    0    0    0    0    0    0    0    0    0    0   26  145  246  218   66    0    0    0    0    0
   0    0    0    0    0    0   18  108  244  209   62    0    0    0    0    0    0    0    0    0    0    9   62  208  251  156   41    0    0    0    0    0
   0    0    0    0    0    0   18  108  244  209   62    0    0    0    0    0    0    0    0    0   10   47  128  244  229   79   13    0    0    0    0    0
   0    0    0    0    0    0   16   98  240  208   62    0    0    0    0    0    0    0    0    1   39  120  203  239  157   31    1    0    0    0    0    0
   0    0    0    0    0    0   10   65  225  208   65    2    0    0    0    0    0    7   22   35  103  205  243  187   54    8    0    0    0    0    0    0
   0    0    0    0    0    0    0   13  201  215   89   20   11   11   11   11   11   49  127  185  226  251  212   56    4    0    0    0    0    0    0    0
   0    0    0    0    0    0    0   13  201  245  211  180  169  169  169  169  169  213  240  249  244  213  135   12    1    0    0    0    0    0    0    0
   0    0    0    0    0    0    0    7   99  194  235  242  240  240  240  240  240  249  252  244  195  107   24    2    0    0    0    0    0    0    0    0
   0    0    0    0    0    0    0    2   24   71  180  241  254  254  254  254  254  198  161  107   58   26    0    0    0    0    0    0    0    0    0    0
   0    0    0    0    0    0    0    0    0    9   67  103  111  111  111  111  111   75   52   20    0    0    0    0    0    0    0    0    0    0    0    0
   0    0    0    0    0    0    0    0    0    0    0    0    0    0    0    0    0    0    0    0    0    0    0    0    0    0    0    0    0    0    0    0
   0    0    0    0    0    0    0    0    0    0    0    0    0    0    0    0    0    0    0    0    0    0    0    0    0    0    0    0    0    0    0    0
   0    0    0    0    0    0    0    0    0    0    0    0    0    0    0    0    0    0    0    0    0    0    0    0    0    0    0    0    0    0    0    0
   0    0    0    0    0    0    0    0    0    0    0    0    0    0    0    0    0    0    0    0    0    0    0    0    0    0    0    0    0    0    0    0
