   0    0    0    0    0    0    0    0    0    0    0    0    0    0    0    0    0    0    0    0    0    0    0    0    0    0    0    0    0    0    0    0
   0    0    0    0    0    0    0    0    0    0    0    0    0    0    0    0    0    0    0    0    0    0    0    0    0    0    0    0    0    0    0    0
   0    0    0    0    0    0    0    0    0    0    0    0    0    0    0    0    0    0    0    0    0    0    0    0    0    0    0    0    0    0    0    0
   0    0    0    0    0    0    0    0    0    0    0    0    0    0    0    0    0    0    0    0    0    0    0    0    0    0    0    0    0    0    0    0
   0    0    0    0    0    0    0    0    0    0    0    0    0    0    0    0    0    0    0    0    0    0    0    0    0    0    0    0    0    0    0    0
   0    0    0    0    0    0    0    0    0    0    0    0    0    0    0    0    0    0    0    0    0    0    0    0    0    0    0    0    0    0    0    0
   0    0    0    0    0    0    0    0    0   18   40   38   17    0    0    0    0    0    0    7   28   43   27    0    0    0    0    0    0    0    0    0
   0    0    0    0    0    0    0    0    0   99  213  204   93    0    0    0    0    0    0   40  152  232  149    3    0    0    0    0    0    0    0    0
   0    0    0    0    0    0    0    0    0  106  216  197   86    0    0    0    0    0    0   59  170  251  208   44    3    0    0    0    0    0    0    0
   0    0    0    0    0    0    0    0    0  163  237  175   64    0    0    0    0    0    0   75  186  250  204   37    2    0    0    0    0    0    0    0
   0    0    0    0    0    0    0    1    9  182  244  162   51    0    0    0    0    0   40  140  226  245  183   11    1    0    0    0    0    0    0    0
   0    0    0    0    0    0    0    3   36  203  250  146   35    0    0    0    0    4   99  200  249  240  171    0    0    0    0    0    0    0    0    0
   0    0    0    0    0    0    0    4   54  217  254  128   17    0    0    0    0   56  169  237  254  227  137    0    0    0    0    0    0    0    0    0
   0    0    0    0    0    0    0    6   81  223  254  116    5    0    0    3   37  153  230  254  252  199   73    0    0    0    0    0    0    0    0    0
   0    0    0    0    0    0    0    9  141  235  254  116    5    0    3   26  141  233  253  254  242  162   15    0    0    0    0    0    0    0    0    0
   0    0    0    0    0    0    0   10  140  234  254  117    6    1   20  111  237  253  254  254  221  123    0    0    0    0    0    0    0    0    0    0
   0    0    0    0    0    0    0    7  101  217  250  133   22    8   65  236  252  254  254  254  210  104    0    0    0    0    0    0    0    0    0    0
   0    0    0    0    0    0    0    1   18  147  230  193  117  119  213  252  254  254  254  253  179   58    0    0    0    0    0    0    0    0    0    0
   0    0    0    0    0    0    0    0    0   79  168  215  217  220  250  244  198  243  254  234  132   15    0    0    0    0    0    0    0    0    0    0
   0    0    0    0    0    0    0    0    0   24   62  127  186  205  181  128  134  232  254  208   97    0    0    0    0    0    0    0    0    0    0    0
   0    0    0    0    0    0    0    0    0    0    0   32   75   94   70   28  144  235  254  190   79    0    0    0    0    0    0    0    0    0    0    0
   0    0    0    0    0    0    0    0    0    0    0    0    0    0    0   11  171  241  247  159   53    0    0    0    0    0    0    0    0    0    0    0
   0    0    0    0    0    0    0    0    0    0    0    0    0    0    0    9  130  233  229  100    5    0    0    0    0    0    0    0    0    0    0    0
   0    0    0    0    0    0    0    0    0    0    0    0    0    0    0   11  162  239  220   90    0    0    0    0    0    0    0    0    0    0    0    0
   0    0    0    0    0    0    0    0    0    0    0    0    0    0    0   10  146  235  169   56    0    0    0    0    0    0    0    0    0    0    0    0
   0    0    0    0    0    0    0    0    0    0    0    0    0    0    0   12  168  240  159   51    0    0    0    0    0    0    0    0    0    0    0    0
   0    0    0    0    0    0    0    0    0    0    0    0    0    0    0   13  187  244  158   50    0    0    0    0    0    0    0    0    0    0    0    0
   0    0    0    0    0    0    0    0    0    0    0    0    0    0    0   12  187  244  158   50    0    0    0    0    0    0    0    0    0    0    0    0
   0    0    0    0    0    0    0    0    0    0    0    0    0    0    0    8  113  207  150   50    0    0    0    0    0    0    0    0    0    0    0    0
   0    0    0    0    0    0    0    0    0    0    0    0    0    0    0    1   17  111   96   34    0    0    0    0    0    0    0    0    0    0    0    0
   0    0    0    0    0    0    0    0    0    0    0    0    0    0    0    0    0    0    0    0    0    0    0    0    0    0    0    0    0    0    0    0
   0    0    0    0    0    0    0    0    0    0    0    0    0    0    0    0    0    0    0    0    0    0    0    0    0    0    0    0    0    0    0    0
