   0    0    0    0    0    0    0    0    0    0    0    0    0    0    0    0    0    0    0    0    0    0    0    0    0    0    0    0    0    0    0    0
   0    0    0    0    0    0    0    0    0    0    0    0    0    0    0    0    0    0    0    0    0    0    0    0    0    0    0    0    0    0    0    0
   0    0    0    0    0    0    0    0    0    0    0    0    0    0    0    0    0    0    0    0    0    0    0    0    0    0    0    0    0    0    0    0
   0    0    0    0    0    0    0    0    0    0    0    0    0    0    0    0    0    0    0    0    0    0    0    0    0    0    0    0    0    0    0    0
   0    0    0    0    0    0    0    0    0    0    0    0    0    0    0    0    0    0    0    0    0    0    0    0    0    0    0    0    0    0    0    0
   0    0    0    0    0    0    0    0    0    0    0    0    0    0    0    0    0    0   15   36   59   76   79   79   80   79   79   44    9    0    0    0
   0    0    0    0    0    0    0    0    0    0    0    0    0    0    3   17   30   42   85  142  198  233  230  221  215  231  247  149   38    0    0    0
   0    0    0    0    0    0    0    0    0    0    0    0    4   11   30  102  165  223  244  245  225  181  120   75   39  129  219  181   71    0    0    0
   0    0    0    0    0    0    0    0    0    0    0    0   56  161  233  243  248  223  186  112   46   15    8    5    3   84  167   91    7    0    0    0
   0    0    0    0    0    0    0    0    0    0    0    0   94  227  240  179   96   54   36   19    6    1    0    0    0   38   44   19    0    0    0    0
   0    0    0    0    0    0    0    0    0    0    0    0   84  212  228  111   23    5    1    0    0    0    0    0    0    9    5    1    0    0    0    0
   0    0    0    0    0    0    0    0    0    0    0   12  106  221  200   45    3    0    0    0    0    0    0    0    0    0    0    0    0    0    0    0
   0    0    0    0    0    0    0    0    0    0    0   47  156  231  155    7    1    0    0    0    0    0    0    0    0    0    0    0    0    0    0    0
   0    0    0    0    0    0    0    0    0    0    0   82  193  218  112    0    0    0    0    0    0    0    0    0    0    0    0    0    0    0    0    0
   0    0    0    0    0    0    0    0    0    0    0   93  203  204   79    0    0    0    0    0    0    0    0    0    0    0    0    0    0    0    0    0
   0    0    0    0    0    0    0    0    0    0    1  128  232  175   27    3    3    3    1    0    0    0    0    0    0    0    0    0    0    0    0    0
   0    0    0    0    0    0    0    0    0    0    8  139  225  154   43   41   41   41   18    4    0    0    0    0    0    0    0    0    0    0    0    0
   0    0    0    0    0    0    0    0    0    0   41  168  248  235  215  215  215  215  182  113   41    5    0    0    0    0    0    0    0    0    0    0
   0    0    0    0    0    0    0    0    0    0   32  137  201  188  171  172  189  219  234  218  164   82    5    0    0    0    0    0    0    0    0    0
   0    0    0    0    0    0    0    0    0    0   11   53   77   69   58   59   70   93  127  180  213  172   60    0    0    0    0    0    0    0    0    0
   0    0    0    0    0    0    0    0    0    0    0    0    0    0    0    0    0    4   30  125  219  211   95    0    0    0    0    0    0    0    0    0
   0    0    0    0    0    0    0    0    0    0    0    0    0    0    0    0    0   16   64  162  229  185   62    0    0    0    0    0    0    0    0    0
   0    0    0    0    0    0    0    0    0    0    0    0    1    1    0    3   24   83  180  232  210  118    9    0    0    0    0    0    0    0    0    0
   0    0    0    0    0    0    0    0    0    0    1    3    9   12   12   31  137  226  246  213  126   34    0    0    0    0    0    0    0    0    0    0
   0    0    0    0    0    0    0    0    0    0    8   52   96  122  151  212  244  247  170   73   15    2    0    0    0    0    0    0    0    0    0    0
   0    0    0    0    0    0    0    0    2   78  172  196  204  228  237  245  211  109   43   12    1    0    0    0    0    0    0    0    0    0    0    0
   0    0    0    0    0    0    0    6   90  190  240  246  244  240  201  125   67   24    5    0    0    0    0    0    0    0    0    0    0    0    0    0
   0    0    0    0    0    0    0    7   98  186  217  187  140  106   77   30    2    0    0    0    0    0    0    0    0    0    0    0    0    0    0    0
   0    0    0    0    0    0    0    3   42   85  106   76   29    3    0    0    0    0    0    0    0    0    0    0    0    0    0    0    0    0    0    0
   0    0    0    0    0    0    0    0    0    0    0    0    0    0    0    0    0    0    0    0    0    0    0    0    0    0    0    0    0    0    0    0
   0    0    0    0    0    0    0    0    0    0    0    0    0    0    0    0    0    0    0    0    0    0    0    0    0    0    0    0    0    0    0    0
   0    0    0    0    0    0    0    0    0    0    0    0    0    0    0    0    0    0    0    0    0    0    0    0    0    0    0    0    0    0    0    0
