   0    0    0    0    0    0    0    0    0    0    0    0    0    0    0    0    0    0    0    0    0    0    0    0    0    0    0    0    0    0    0    0
   0    0    0    0    0    0    0    0    0    0    0    0    0    0    0    0    0    0    0    0    0    0    0    0    0    0    0    0    0    0    0    0
   0    0    0    0    0    0    0    0    0    0    0    0    0    0    0    0    0    0    0    0    0    0    0    0    0    0    0    0    0    0    0    0
   0    0    0    0    0    0    0    0    0    0    0    0    0    0    0    0    0    0    0    0    0    0    0    0    0    0    0    0    0    0    0    0
   0    0    0    0    0    0    0    0    0    0    0    0    0    0    0    0    0    0    0    0    0    0    0    0    0    0    0    0    0    0    0    0
   0    0    0    0    0    0    0    0    0    0    0    0    0    0    0    0    0    0    0    0    0    0    0    0    0    0    0    0    0    0    0    0
   0    0    0    0    0    0    0    0    0    0    0    0    0    0    0    0    0    0    0    0    0    0    0    0    0    0    0    0    0    0    0    0
   0    0    0    0    0    0    0    0    0    0    0    0    0    1    5   12   16   16   16   13    7    2    1    5    1    0    0    0    0    0    0    0
   0    0    0    0    0    0    0    0    0    0    0    0    0   14   69  173  233  239  238  193  104   26   22   68   12    2    0    0    0    0    0    0
   0    0    0    0    0    0    0    0    0    0    0    2   27   99  203  239  251  253  252  243  193  143  168  211   85   14    0    0    0    0    0    0
   0    0    0    0    0    0    0    0    0    0    0   22  107  210  243  229  139  128  126  138  132  146  226  238   86   14    0    0    0    0    0    0
   0    0    0    0    0    0    0    0    0    0   17   98  197  240  198  122   40   31   30   46  100  182  234  175   39    6    0    0    0    0    0    0
   0    0    0    0    0    0    0    0    0    0   68  179  232  189  103   26    2    0    0   26  124  233  224   97    6    0    0    0    0    0    0    0
   0    0    0    0    0    0    0    0    0   39  149  226  200  101   21    0    0    0    1   61  171  246  197   41    3    0    0    0    0    0    0    0
   0    0    0    0    0    0    0    0    0  134  225  246  150   24    0    0    0    1   20  127  224  226  135    0    0    0    0    0    0    0    0    0
   0    0    0    0    0    0    0    0    0  168  238  240  129    0    0    0    2   11  103  204  251  191   50    0    0    0    0    0    0    0    0    0
   0    0    0    0    0    0    0    0    0  168  238  240  129    0    0    2   28  111  208  249  242  163   15    0    0    0    0    0    0    0    0    0
   0    0    0    0    0    0    0    0    0  140  227  248  212  168  168  169  190  224  245  252  217  120    2    0    0    0    0    0    0    0    0    0
   0    0    0    0    0    0    0    0    0   47  157  230  246  238  238  238  244  152  175  227  180   61    0    0    0    0    0    0    0    0    0    0
   0    0    0    0    0    0    0    0    0    3   55  117  160  176  171  149  113  115  186  225  146   25    0    0    0    0    0    0    0    0    0    0
   0    0    0    0    0    0    0    0    0    0    0   20   49   65   61   39    3  158  235  218  113    8    0    0    0    0    0    0    0    0    0    0
   0    0    0    0    0    0    0    0    0    0    0    0    0    0    0    1    9  208  250  180   71    0    0    0    0    0    0    0    0    0    0    0
   0    0    0    0    0    0    0    0    0    0    0    0    0    0    0    4   52  216  234  122   23    0    0    0    0    0    0    0    0    0    0    0
   0    0    0    0    0    0    0    0    0    0    0    0    0    0    1   13  152  236  189   70    0    0    0    0    0    0    0    0    0    0    0    0
   0    0    0    0    0    0    0    0    0    0    0    0    0    0    8   52  223  250  145   42    0    0    0    0    0    0    0    0    0    0    0    0
   0    0    0    0    0    0    0    0    0    0    0    0    0    0   15   94  240  252  138   38    0    0    0    0    0    0    0    0    0    0    0    0
   0    0    0    0    0    0    0    0    0    0    0    0    0    0   20  117  243  228   88   12    0    0    0    0    0    0    0    0    0    0    0    0
   0    0    0    0    0    0    0    0    0    0    0    0    0    0   31  172  246  175   49    0    0    0    0    0    0    0    0    0    0    0    0    0
   0    0    0    0    0    0    0    0    0    0    0    0    0    0   36  193  248  142   36    0    0    0    0    0    0    0    0    0    0    0    0    0
   0    0    0    0    0    0    0    0    0    0    0    0    0    0   27  148  230  125   31    0    0    0    0    0    0    0    0    0    0    0    0    0
   0    0    0    0    0    0    0    0    0    0    0    0    0    0   14   81  157   72   16    0    0    0    0    0    0    0    0    0    0    0    0    0
   0    0    0    0    0    0    0    0    0    0    0    0    0    0    0    0    0    0    0    0    0    0    0    0    0    0    0    0    0    0    0    0
