   0    0    0    0    0    0    0    0    0    0    0    0    0    0    0    0    0    0    0    0    0    0    0    0    0    0    0    0    0    0    0    0
   0    0    0    0    0    0    0    0    0    0    0    0    0    0    0    0    0    0    0    0    0    0    0    0    0    0    0    0    0    0    0    0
   0    0    0    0    0    0    0    0    0    0    0    0    0    0    0    0    0    0    0    0    0    0    0    0    0    0    0    0    0    0    0    0
   0    0    0    0    0    0    0    0    0    0    0    0    0    0    0    0    0    0    0    0    0    0    0    0    0    0    0    0    0    0    0    0
   0    0    0    0    0    0    0    0    0    0    0    0    0    0    0    0    0    0    0    0    0    0    0    0    0    0    0    0    0    0    0    0
   0    0    0    0    0    0    0    0    0    0    0    0    0    0    0    0    0    0    0    0    0    0    0    0    0    0    0    0    0    0    0    0
   0    0    0    0    0    0    0    0    0    0    1   12   23   22   13    0    0    0    0    0    8   23   33   38    6    1    0    0    0    0    0    0
   0    0    0    0    0    0    0    0    0    0    6   71  129  126   76    2    0    0    0    6   54  129  182  204   32    4    0    0    0    0    0    0
   0    0    0    0    0    0    0    0    0    0   55  173  245  245  199    9    1    0    3   69  173  245  248  237   49    7    0    0    0    0    0    0
   0    0    0    0    0    0    0    0    0   37  154  231  253  249  197    9    1    0   21  143  240  253  253  243  107   18    0    0    0    0    0    0
   0    0    0    0    0    0    0    0    0  116  214  250  253  228  141    3    0    0   25  159  253  253  253  245  134   24    0    0    0    0    0    0
   0    0    0    0    0    0    0    2   34  178  240  253  253  204   78    0    0    0   25  159  253  253  253  242   90   15    0    0    0    0    0    0
   0    0    0    0    0    0    1   12  114  219  250  253  253  187   35    0    2   31   86  191  253  253  253  239   50    7    0    0    0    0    0    0
   0    0    0    0    0    0    4   31  201  245  253  253  253  189   44   29   66  125  193  238  253  253  249  218   40    5    0    0    0    0    0    0
   0    0    0    0    0    0   11   69  241  253  253  253  253  215  127  123  211  247  253  253  253  253  236  152   15    1    0    0    0    0    0    0
   0    0    0    0    0    0   26  146  246  253  253  253  253  253  253  253  254  253  253  253  253  252  214   58    4    0    0    0    0    0    0    0
   0    0    0    0    0    0   20  117  244  253  253  253  253  253  253  253  254  253  253  253  253  233  157    9    0    0    0    0    0    0    0    0
   0    0    0    0    0    0    9   63  241  253  253  253  253  253  253  253  254  253  253  253  253  230  147    1    0    0    0    0    0    0    0    0
   0    0    0    0    0    0    7   49  237  246  201  209  237  245  245  245  247  252  254  254  254  229  143    0    0    0    0    0    0    0    0    0
   0    0    0    0    0    0    3   23  130  112   78   83  101  106  106  106  110  198  243  254  254  209   90    0    0    0    0    0    0    0    0    0
   0    0    0    0    0    0    0    2   28    6    0    0    0    0    0    0    3  139  227  253  253  195   55    0    0    0    0    0    0    0    0    0
   0    0    0    0    0    0    0    0    0    0    0    0    0    0    0    0    3  137  226  253  253  208   89    0    0    0    0    0    0    0    0    0
   0    0    0    0    0    0    0    0    0    0    0    0    0    0    0    1   14  185  244  253  253  228  142    0    0    0    0    0    0    0    0    0
   0    0    0    0    0    0    0    0    0    0    0    0    0    0    0    4   50  215  253  253  253  219  118    0    0    0    0    0    0    0    0    0
   0    0    0    0    0    0    0    0    0    0    0    0    0    0    0   13  201  246  253  253  253  195   54    0    0    0    0    0    0    0    0    0
   0    0    0    0    0    0    0    0    0    0    0    0    0    0   15   91  238  252  253  253  253  193   49    0    0    0    0    0    0    0    0    0
   0    0    0    0    0    0    0    0    0    0    0    0    0    0   22  123  245  253  253  253  246  177   36    0    0    0    0    0    0    0    0    0
   0    0    0    0    0    0    0    0    0    0    0    0    0    0   11   72  242  253  253  253  207  106   13    0    0    0    0    0    0    0    0    0
   0    0    0    0    0    0    0    0    0    0    0    0    0    0    1   22  239  253  225  176  104   33    0    0    0    0    0    0    0    0    0    0
   0    0    0    0    0    0    0    0    0    0    0    0    0    0    0   11  164  174  130   52    6    2    0    0    0    0    0    0    0    0    0    0
   0    0    0    0    0    0    0    0    0    0    0    0    0    0    0    0    0    0    0    0    0    0    0    0    0    0    0    0    0    0    0    0
   0    0    0    0    0    0    0    0    0    0    0    0    0    0    0    0    0    0    0    0    0    0    0    0    0    0    0    0    0    0    0    0
