   0    0    0    0    0    0    0    0    0    0    0    0    0    0    0    0    0    0    0    0    0    0    0    0    0    0    0    0    0    0    0    0
   0    0    0    0    0    0    0    0    0    0    0    0    0    0    0    0    0    0    0    0    0    0    0    0    0    0    0    0    0    0    0    0
   0    0    0    0    0    0    0    0    0    0    0    0    0    0    0    0    0    0    0    0    0    0    0    0    0    0    0    0    0    0    0    0
   0    0    0    0    0    0    0    0    0    0    0    0    0    0    0    0    0    0    0    0    0    0    0    0    0    0    0    0    0    0    0    0
   0    0    0    0    0    0    0    0    0    0    0    0    0    0    0    0    0    0    0    0    0    0    0    0    0    0    0    0    0    0    0    0
   0    0    0    0    0    0    0    0    0    0    0    0    0    2    8   22   42   73   79   64   48   32    6    0    0    0    0    0    0    0    0    0
   0    0    0    0    0    0    0    0    0    0    0    1   10   33   65  105  156  237  254  215  173  125   39    0    0    0    0    0    0    0    0    0
   0    0    0    0    0    0    0    0    0    0    0    7   62  160  234  252  252  250  251  252  252  225  133    0    0    0    0    0    0    0    0    0
   0    0    0    0    0    0    0    0    0    0    0   57  164  246  251  252  252  205  234  252  252  250  200    0    0    0    0    0    0    0    0    0
   0    0    0    0    0    0    0    0    0    0   24  133  228  252  252  246  149   59  120  211  252  252  205    0    0    0    0    0    0    0    0    0
   0    0    0    0    0    0    0    0    0   24  103  198  249  245  208  104   43    8   31   86  170  242  232  135    9    0    0    0    0    0    0    0
   0    0    0    0    0    0    0    0    0   58  174  239  252  222  135   18    2    0    1   14   92  201  249  226   96   16    0    0    0    0    0    0
   0    0    0    0    0    0    0    0    0  102  213  254  239  172   52    0    0    0    0    0   34  125  237  249  181   33    0    0    0    0    0    0
   0    0    0    0    0    0    0    0    6  150  230  253  211  107    0    0    0    0    0    0    0   56  194  250  209   39    0    0    0    0    0    0
   0    0    0    0    0    0    0    2   27  189  244  246  170   53    0    0    0    0    0    0    0   36  142  250  212   43    2    0    0    0    0    0
   0    0    0    0    0    0    0    4   69  219  252  214  110   11    0    0    0    0    0    0    0   36  142  251  227   65    9    0    0    0    0    0
   0    0    0    0    0    0    0    8  111  227  252  151   40    1    0    0    0    0    0    0    0   36  142  253  250  100   21    0    0    0    0    0
   0    0    0    0    0    0    0    8  122  230  253  118    7    0    0    0    0    0    0    0    0   36  142  255  253  104   22    0    0    0    0    0
   0    0    0    0    0    0    0   11  158  236  252  110    0    0    0    0    0    0    0    0    0   36  142  254  252  103   22    0    0    0    0    0
   0    0    0    0    0    0    0   12  173  239  252  110    0    0    0    0    0    0    0    0    0   36  142  252  246   93   19    0    0    0    0    0
   0    0    0    0    0    0    0   12  173  239  252  110    0    0    0    0    0    0    0    0    0   49  175  249  189   58    9    0    0    0    0    0
   0    0    0    0    0    0    0    9  133  226  250  138   28    0    0    0    0    0    0    0    0   68  222  236   90   15    0    0    0    0    0    0
   0    0    0    0    0    0    0    2   37  175  238  208  102    6    0    0    0    0    0    0   13   93  231  207   20    2    0    0    0    0    0    0
   0    0    0    0    0    0    0    0    0   73  198  246  161   37    0    0    0    0    0    2   73  189  234  151   11    0    0    0    0    0    0    0
   0    0    0    0    0    0    0    0    0   31  128  216  190   75    0    0    0    0    0   35  136  231  199   46    4    0    0    0    0    0    0    0
   0    0    0    0    0    0    0    0    0    5   41  153  223  183   89    0    0   25   60  146  223  219  127    7    1    0    0    0    0    0    0    0
   0    0    0    0    0    0    0    0    0    0    7   53  135  200  195  138   76  153  192  227  226  158   54    0    0    0    0    0    0    0    0    0
   0    0    0    0    0    0    0    0    0    0    0    6   44  101  146  191  187  181  185  161  114   59   12    0    0    0    0    0    0    0    0    0
   0    0    0    0    0    0    0    0    0    0    0    0    4   15   43  104  139   89   77   51   18    2    0    0    0    0    0    0    0    0    0    0
   0    0    0    0    0    0    0    0    0    0    0    0    0    0    0    0    0    0    0    0    0    0    0    0    0    0    0    0    0    0    0    0
   0    0    0    0    0    0    0    0    0    0    0    0    0    0    0    0    0    0    0    0    0    0    0    0    0    0    0    0    0    0    0    0
   0    0    0    0    0    0    0    0    0    0    0    0    0    0    0    0    0    0    0    0    0    0    0    0    0    0    0    0    0    0    0    0
