   0    0    0    0    0    0    0    0    0    0    0    0    0    0    0    0    0    0    0    0    0    0    0    0    0    0    0    0    0    0    0    0
   0    0    0    0    0    0    0    0    0    0    0    0    0    0    0    0    0    0    0    0    0    0    0    0    0    0    0    0    0    0    0    0
   0    0    0    0    0    0    0    0    0    0   36   90  135  162  166  122   42    7    0    0    0    0    0    0    0    0    0    0    0    0    0    0
   0    0    0    0    0    0    0    0    0    0  109  138  129  142  159  184  161   86   21    0    0    0    0    0    0    0    0    0    0    0    0    0
   0    0    0    0    0    0    0    0    0    0  115  102   45   39   54  113  181  177   84   18    0    0    0    0    0    0    0    0    0    0    0    0
   0    0    0    0    0    0    0    0    0    0   45   33    4    0    1   10   76  179  156   64    4    0    0    0    0    0    0    0    0    0    0    0
   0    0    0    0    0    0    0    0    0    0    0    0    0    0    0    0    6   80  182  126   29    0    0    0    0    0    0    0    0    0    0    0
   0    0    0    0    0    0    0    0    0    0    0    0    0    0    0    0    0   19  151  188   96    0    0    0    0    0    0    0    0    0    0    0
   0    0    0    0    0    0    0    0    0    0    0    0    0    0    0    0    0    1   56  159  124    1    0    0    0    0    0    0    0    0    0    0
   0    0    0    0    0    0    0    0    0    0    0    0    0    0    0    0    0    0   34  159  167   47    0    0    0    0    0    0    0    0    0    0
   0    0    0    0    0    0    0    0    0    0    0    0    0    0    0    0    0    0    9  120  176   96    0    0    0    0    0    0    0    0    0    0
   0    0    0    0    0    0    0    0    0    0    0    0    0    0    0    0    0    0    0  114  186  113    0    0    0    0    0    0    0    0    0    0
   0    0    0    0    0    0    0    0    0    0    0    0    0    0    0    0    0    0    4  130  201  113    0    0    0    0    0    0    0    0    0    0
   0    0    0    0    0    0    0    0    0    0    0    0    0    0    0    0    0    0   20  150  201   99    0    0    0    0    0    0    0    0    0    0
   0    0    0    0    0    0    0    0    0    0    0    0    0    0    0    0    0    0   45  171  180   59    0    0    0    0    0    0    0    0    0    0
   0    0    0    0    0    0    0    0    0    0    0    3    5    5    5    1    0    0   49  171  156   24    0    0    0    0    0    0    0    0    0    0
   0    0    0    0    0    0    0    0    0    0    0   38   70   81   82   18    1    0  109  174  106    3    0    0    0    0    0    0    0    0    0    0
   0    0    0    0    0    0    0    0    0   13   94  175  212  216  215  194  103   57  177  166   62    0    0    0    0    0    0    0    0    0    0    0
   0    0    0    0    0    0    0    0    0  110  182  145   90   78   94  158  201  195  213  115   19    0    0    0    0    0    0    0    0    0    0    0
   0    0    0    0    0    0    0    1   15  181  175   77    9    1   11   57  146  235  226  100    7    0    0    0    0    0    0    0    0    0    0    0
   0    0    0    0    0    0    0    3   40  210  127   31    0    0    7   41  145  221  226  152   58    5    0    0    0    0    0    0    0    0    0    0
   0    0    0    0    0    0    0    3   52  216  105   17    8   21   48  136  228  172  165  191  150   57   15    0    0    0    0    0    0    0    0    0
   0    0    0    0    0    0    0    2   29  203  135   62   65  103  144  227  183   54   31  123  191  159   82   33   14    7    2    0    0    0    0    0
   0    0    0    0    0    0    0    0    4  148  218  230  234  241  224  148   36    5    0   22   76  160  226  179   86   42   10    0    0    0    0    0
   0    0    0    0    0    0    0    0    0   27  109  162  144   80   24   13    2    0    0    1    5   41  129  209  228   86   17    0    0    0    0    0
   0    0    0    0    0    0    0    0    0    3   19   29   26   13    2    1    0    0    0    0    0    6   23   40   45   17    3    0    0    0    0    0
   0    0    0    0    0    0    0    0    0    0    0    0    0    0    0    0    0    0    0    0    0    0    0    0    0    0    0    0    0    0    0    0
   0    0    0    0    0    0    0    0    0    0    0    0    0    0    0    0    0    0    0    0    0    0    0    0    0    0    0    0    0    0    0    0
   0    0    0    0    0    0    0    0    0    0    0    0    0    0    0    0    0    0    0    0    0    0    0    0    0    0    0    0    0    0    0    0
   0    0    0    0    0    0    0    0    0    0    0    0    0    0    0    0    0    0    0    0    0    0    0    0    0    0    0    0    0    0    0    0
   0    0    0    0    0    0    0    0    0    0    0    0    0    0    0    0    0    0    0    0    0    0    0    0    0    0    0    0    0    0    0    0
   0    0    0    0    0    0    0    0    0    0    0    0    0    0    0    0    0    0    0    0    0    0    0    0    0    0    0    0    0    0    0    0
