   0    0    0    0    0    0    0    0    0    0    0    0    0    0    0    0    0    0    0    0    0    0    0    0    0    0    0    0    0    0    0    0
   0    0    0    0    0    0    0    0    0    0    0    0    0    0    0    0    0    0    0    0    0    0    0    0    0    0    0    0    0    0    0    0
   0    0    0    0    0    0    0    0    0    0    0    0    0    0    0    0    0    0    0    0    0    0    0    0    0    0    0    0    0    0    0    0
   0    0    0    0    0    0    0    0    0    0    0    0    0    0    0    0    0    0    0    0    0    0    0    0    0    0    0    0    0    0    0    0
   0    0    0    0    0    0    0    0    0    0    0    0    0    7   29   60   91  108  111  111  101   83   61   17    1    0    0    0    0    0    0    0
   0    0    0    0    0    0    0    0    0   26   41   55   63   79  124  173  223  248  232  207  171  131   96   26    2    0    0    0    0    0    0    0
   0    0    0    0    0    0    0    0    0  106  153  190  207  212  231  224  221  208  149   85   32    0    0    0    0    0    0    0    0    0    0    0
   0    0    0    0    0    0    0    0    0  202  251  247  219  173  127   95   78   14    0    0    0    0    0    0    0    0    0    0    0    0    0    0
   0    0    0    0    0    0    0    0    0  144  229  226  121   12    8    6    5    1    0    0    0    0    0    0    0    0    0    0    0    0    0    0
   0    0    0    0    0    0    0    0    0   40  173  228  139   17    0    0    0    0    0    0    0    0    0    0    0    0    0    0    0    0    0    0
   0    0    0    0    0    0    0    0    0    5  108  206  158   30    0    0    0    0    0    0    0    0    0    0    0    0    0    0    0    0    0    0
   0    0    0    0    0    0    0    0    0    0   85  197  175   59   29   29   29   10    2    0    0    0    0    0    0    0    0    0    0    0    0    0
   0    0    0    0    0    0    0    0    0    7  118  216  214  155  139  139  139   92   50   16    0    0    0    0    0    0    0    0    0    0    0    0
   0    0    0    0    0    0    0    0    6   67  185  235  232  218  206  207  236  197  152  104   52   12    3    0    0    0    0    0    0    0    0    0
   0    0    0    0    0    0    0    2   27  185  233  197  150  116   83   88  160  181  214  235  175   76   40    7    1    0    0    0    0    0    0    0
   0    0    0    0    0    0    0    4   53  203  185   70    0    0    0    0    0   15   78  147  208  233  182   50    7    1    0    0    0    0    0    0
   0    0    0    0    0    0    0    0    4   14   12    5    0    0    0    0    0    1    5   10   56  141  207  211   58    9    0    0    0    0    0    0
   0    0    0    0    0    0    0    0    0    0    0    0    0    0    0    0    0    0    0    0    8   30   85  216  199   91   21    0    0    0    0    0
   0    0    0    0    0    0    0    0    0    0    0    0    0    0    0    0    0    0    0    0    0    2   26  116  206  191  111   34    0    0    0    0
   0    0    0    0    0    0    0    0    0    0    0    0    0    0    0    0    0    0    0    0    0    0    5   32   96  199  201   83    0    0    0    0
   0    0    0    0    0    0    0    0    0    0    0    0    0    0    0    0    0    0    0    0    0    0    0    1   11  154  232  110    0    0    0    0
   0    0    0    0    0    0    0    0    0    0    0    0    0    0    0    0    0    0    0    0    0    0    0    1   12  147  221  105    0    0    0    0
   0    0    0    0    0    0    0    0    0   17   19    8    0    0    0    0    0    0    0    0    0    0    1   10   62  203  197   79    0    0    0    0
   0    0    0    0    0    0    0    0    5  100  104   42    0    0    0    0    0    0    1    4    6    8   18   52  167  223   99   17    0    0    0    0
   0    0    0    0    0    0    0    5   72  213  178   64    0    0    0    0    0    0   13   63   96  119  180  220  210  114   30    1    0    0    0    0
   0    0    0    0    0    0    0    5   77  223  241  209  161  124  131  156  141  193  209  218  225  220  199  152   63   23    5    0    0    0    0    0
   0    0    0    0    0    0    0    2   24  110  166  179  190  212  219  205  187  184  174  138  113  101   68   42    9    1    0    0    0    0    0    0
   0    0    0    0    0    0    0    0    0   25   55   66   81  105  107   92   84   70   60   37   22   17    4    0    0    0    0    0    0    0    0    0
   0    0    0    0    0    0    0    0    0    0    0    0    0    0    0    0    0    0    0    0    0    0    0    0    0    0    0    0    0    0    0    0
   0    0    0    0    0    0    0    0    0    0    0    0    0    0    0    0    0    0    0    0    0    0    0    0    0    0    0    0    0    0    0    0
   0    0    0    0    0    0    0    0    0    0    0    0    0    0    0    0    0    0    0    0    0    0    0    0    0    0    0    0    0    0    0    0
   0    0    0    0    0    0    0    0    0    0    0    0    0    0    0    0    0    0    0    0    0    0    0    0    0    0    0    0    0    0    0    0
