   0    0    0    0    0    0    0    0    0    0    0    0    0    0    0    0    0    0    0    0    0    0    0    0    0    0    0    0    0    0    0    0
   0    0    0    0    0    0    0    0    0    0    0    0    0    0    0    0    0    0    0    0    0    0    0    0    0    0    0    0    0    0    0    0
   0    0    0    0    0    0    0    0    0    0    0    0    0    0    0    0    0    0    0    0    0    0    0    0    0    0    0    0    0    0    0    0
   0    0    0    0    0    0    0    0    0    0    0    0    0    0    0    0    0    0    0    0    0    0    0    0    0    0    0    0    0    0    0    0
   0    0    0    0    0    0    0    0    0    0    0    0    0    0    0    0    0    0    0    0    0    0    0    0    0    0    0    0    0    0    0    0
   0    0    0    0    0    0    0    0    0    0    0    0    0    0    0    0    0    0    0    0    0    0    0    0    0    0    0    0    0    0    0    0
   0    0    0    0    0    0    0    0    4   18   32   43   48   47   48   47   48   35   21    7    0    0    0    0    0    0    0    0    0    0    0    0
   0    0    0    0    0    0    0    2   30  105  173  229  254  253  254  253  254  191  119   42    1    0    0    0    0    0    0    0    0    0    0    0
   0    0    0    0    0    0    0   10  163  231  247  251  253  252  253  252  253  248  238  123   22    0    0    0    0    0    0    0    0    0    0    0
   0    0    0    0    0    0    0   13  187  244  242  214  168  156  212  214  236  250  253  183   73    0    0    0    0    0    0    0    0    0    0    0
   0    0    0    0    0    0    0    8  112  171  131   79   46   42   69   99  199  244  253  180   69    0    0    0    0    0    0    0    0    0    0    0
   0    0    0    0    0    0    0    2   33   60   36   10    0    2   31  144  222  248  234  126   27    0    0    0    0    0    0    0    0    0    0    0
   0    0    0    0    0    0    0    0    0    0    0    0   24   68  124  232  252  253  182   65    0    0    0    0    0    0    0    0    0    0    0    0
   0    0    0    0    0    0    0    0    0    0    0    9   81  183  231  252  253  226  112   27    0    0    0    0    0    0    0    0    0    0    0    0
   0    0    0    0    0    0    0    0    0    0    0   25  131  248  254  253  254  182   93   38   20   11    0    0    0    0    0    0    0    0    0    0
   0    0    0    0    0    0    0    0    0    0    0    6   92  213  246  250  253  237  228  171  114   65    4    0    0    0    0    0    0    0    0    0
   0    0    0    0    0    0    0    0    0    0    0    0    6   50  149  227  252  252  252  248  244  188   54    0    0    0    0    0    0    0    0    0
   0    0    0    0    0    0    0    0    0    0    0    0    0    7   30   60   86  142  200  238  252  227  138    0    0    0    0    0    0    0    0    0
   0    0    0    0    0    0    0    0    0    0    0    0    0    0    1    7   15   36   68  142  218  248  203   66    4    0    0    0    0    0    0    0
   0    0    0    0    0    0    0    0    0    0    0    0    0    0    0    0    0    0   14  113  215  253  220   74    5    0    0    0    0    0    0    0
   0    0    0    0    0    0    0    0    0    0    0    0    0    0    0    0    0    0   48  157  237  231  154   32    2    0    0    0    0    0    0    0
   0    0    0    0    0    0    0    0    0    0    0    0    0    0    0    0    6   37  131  216  250  193   58    0    0    0    0    0    0    0    0    0
   0    0    0    0    0    0    0    0    0    0    0    0    0    0    2   11   54  143  225  248  221  138   20    0    0    0    0    0    0    0    0    0
   0    0    0    0    0    0    0    0    0    0    0    0    0    3   19   64  206  246  250  222  113    0    0    0    0    0    0    0    0    0    0    0
   0    0    0    0    0    0    0    0    0    0    0    0    0   48  167  232  249  252  201   90   13    0    0    0    0    0    0    0    0    0    0    0
   0    0    0    0    0    0    0    0    0    7   99  141  169  216  241  250  231  135   57   15    1    0    0    0    0    0    0    0    0    0    0    0
   0    0    0    0    0    0    0    0    0   76  186  228  239  253  243  190   91   37    8    0    0    0    0    0    0    0    0    0    0    0    0    0
   0    0    0    0    0    0    0    0    0  117  219  250  238  203  142   71   13    2    0    0    0    0    0    0    0    0    0    0    0    0    0    0
   0    0    0    0    0    0    0    0    0  103  195  206  157   93   38    0    0    0    0    0    0    0    0    0    0    0    0    0    0    0    0    0
   0    0    0    0    0    0    0    0    0   52  111  105   47    0    0    0    0    0    0    0    0    0    0    0    0    0    0    0    0    0    0    0
   0    0    0    0    0    0    0    0    0    0    0    0    0    0    0    0    0    0    0    0    0    0    0    0    0    0    0    0    0    0    0    0
   0    0    0    0    0    0    0    0    0    0    0    0    0    0    0    0    0    0    0    0    0    0    0    0    0    0    0    0    0    0    0    0
