   0    0    0    0    0    0    0    0    0    0    0    0    0    0    0    0    0    0    0    0    0    0    0    0    0    0    0    0    0    0    0    0
   0    0    0    0    0    0    0    0    0    0    0    0    0    0    0    0    0    0    0    0    0    0    0    0    0    0    0    0    0    0    0    0
   0    0    0    0    0    0    0    0    0    0    0    0    0    0    0    0    0    0    0    0    0    0    0    0    0    0    0    0    0    0    0    0
   0    0    0    0    0    0    0    0    0    0    0    0    0    0    0    0    0    0    0    0    0    0    0    0    0    0    0    0    0    0    0    0
   0    0    0    0    0    0    0    0    0    0    0    0    0    0    0    0    0    0    0    0    0    0    0    0    0    0    0    0    0    0    0    0
   0    0    0    0    0    0    0    0    0    0    0    0    0    0    0    0    0    0    0    0    0    0    0    0    0    0    0    0    0    0    0    0
   0    0    0    0    0    0    0    0    0    0    0    0    0    0    0    0    0    0    0    0    0    0    0    0    0    0    0    0    0    0    0    0
   0    0    0    0    0    0    0    0    0    0    0    0    1    3    7   12   16   16   15   10    4    0    0    0    0    0    0    0    0    0    0    0
   0    0    0    0    0    0    0    0    0    0    0    0    9   42  106  174  233  239  218  146   57    2    0    0    0    0    0    0    0    0    0    0
   0    0    0    0    0    0    0    0    0   19   79  143  186  210  228  241  247  243  246  236  161   53    0    0    0    0    0    0    0    0    0    0
   0    0    0    0    0    0    3   24   98  161  202  230  236  226  218  205  130   99  185  242  185   66    0    0    0    0    0    0    0    0    0    0
   0    0    0    0    0    0    7   47  195  240  244  181  121  100   88   80   34   15  105  208  189   72    0    0    0    0    0    0    0    0    0    0
   0    0    0    0    0    0    5   35  182  178  155   76   16    6    0    0    0    0   60  181  206   99    0    0    0    0    0    0    0    0    0    0
   0    0    0    0    0    0    0    6   78   56   31   10    0    0    0    0    0    0   56  179  220  121    0    0    0    0    0    0    0    0    0    0
   0    0    0    0    0    0    0    0    0    0    0    0    0    0    0    0    0    0   69  186  199   88    0    0    0    0    0    0    0    0    0    0
   0    0    0    0    0    0    0    0    0    0    0    0    0    0    0    0    0    0   89  196  156   26    0    0    0    0    0    0    0    0    0    0
   0    0    0    0    0    0    0    0    0    0    0    0    0    0    0    0    0    5  138  188  102    3    0    0    0    0    0    0    0    0    0    0
   0    0    0    0    0    0    0    0    0    0    0    0    0    0    0    0    0   68  195  181   74    0    0    0    0    0    0    0    0    0    0    0
   0    0    0    0    0    0    0    0    0    0    0    0    0    0    6   35  146  169  229  177   76   16    0    0    0    0    0    0    0    0    0    0
   0    0    0    0    0    0    0    0    0    0    0    0    0    0    8   52  225  233  247  220  175  137   95   38    2    0    0    0    0    0    0    0
   0    0    0    0    0    0    0    0    0    0    0    0    0    0    5   34  190  244  254  253  241  225  203  125    8    0    0    0    0    0    0    0
   0    0    0    0    0    0    0    0    0    0    0    0    0    0    0   11  145  224  210  191  178  188  225  177   11    0    0    0    0    0    0    0
   0    0    0    0    0    0    0    0    0    0    0    0    0    0    6   38  189  193  100   48   49   90  146  102    7    0    0    0    0    0    0    0
   0    0    0    0    0    0    0    0    0    0    0    0    0    0   27  145  242  137   35    0    0    0    0    0    0    0    0    0    0    0    0    0
   0    0    0    0    0    0    0    0    0    0    0    0    0    5   48  192  175   40    3    0    0    0    0    0    0    0    0    0    0    0    0    0
   0    0    0    0    0    0    0    0    0    0    0    0    0   37  136  210   76   13    0    0    0    0    0    0    0    0    0    0    0    0    0    0
   0    0    0    0    0    0    0    0    0    0    0    0   15   88  192  135   22    3    0    0    0    0    0    0    0    0    0    0    0    0    0    0
   0    0    0    0    0    0    0    0    0    0    0    0   49  150  197   52    4    0    0    0    0    0    0    0    0    0    0    0    0    0    0    0
   0    0    0    0    0    0    0    0    0    0    0    0   83  188  150    9    1    0    0    0    0    0    0    0    0    0    0    0    0    0    0    0
   0    0    0    0    0    0    0    0    0    0    0    0   92  171   71    0    0    0    0    0    0    0    0    0    0    0    0    0    0    0    0    0
   0    0    0    0    0    0    0    0    0    0    0    0   60   95    4    0    0    0    0    0    0    0    0    0    0    0    0    0    0    0    0    0
   0    0    0    0    0    0    0    0    0    0    0    0    0    0    0    0    0    0    0    0    0    0    0    0    0    0    0    0    0    0    0    0
