   0    0    0    0    0    0    0    0    0    0    0    0    0    0    0    0    0    0    0    0    0    0    0    0    0    0    0    0    0    0    0    0
   0    0    0    0    0    0    0    0    0    0    0    0    0    0    0    0    0    0    0    0    0    0    0    0    0    0    0    0    0    0    0    0
   0    0    0    0    0    0    0    0    0    0    0    0    0    0    0    0    0    0    0    0    0    0    0    0    0    0    0    0    0    0    0    0
   0    0    0    0    0    0    0    0    0    0    0    0    0    0    0    0    0    0    0    0    0    0    0    0    0    0    0    0    0    0    0    0
   0    0    0    0    0    0    0    0    0    0    0    4    4    0    0    0    0    0    0    0    0    0    0    0    0    0    0    0    0    0    0    0
   0    0    0    0    0    0    0    0    0    0    0   39   64   46   19    0    0    0    0    0    0    0    0    0    0    0    5    4    1    0    0    0
   0    0    0    0    0    0    0    0    0    0    0  100  183  157   68    0    0    0    0    0    0    0    0    0    0    0   29   35   16    0    0    0
   0    0    0    0    0    0    0    0    0    0    0   76  187  210   92    0    0    0    0    0    0    0    0    0    0    4   98  144   82    0    0    0
   0    0    0    0    0    0    0    0    0    0    0   62  173  210   92    0    0    0    0    0    0    0    0    0    0   53  186  244  139    0    0    0
   0    0    0    0    0    0    0    0    0    0    0  109  220  210   92    0    0    0    0    0    0    0    0    0    0   98  212  231  120    0    0    0
   0    0    0    0    0    0    0    0    0    0   21  143  241  210   92    0    0    0    0    0    0    0    0    0    0  147  231  177   66    0    0    0
   0    0    0    0    0    0    0    0    0    0   52  173  251  208   87    0    0    0    0    0    0    0    0    0    4  167  235  133   24    0    0    0
   0    0    0    0    0    0    0    0    0    4  105  209  239  169   47    0    0    0    0    0    0    0    0    2   39  193  212   95    5    0    0    0
   0    0    0    0    0    0    0    0    0   46  174  242  202   92    0    0    0    0    0    0    0    0    0    7  110  229  185   67    0    0    0    0
   0    0    0    0    0    0    0    1   14  142  228  251  156   27    0    0    0    0    0    0    0    0    1   15  177  242  185   67    0    0    0    0
   0    0    0    0    0    0    0    6   80  212  250  230  122    6    0    0    0    0    0    0    0    0    3   29  197  246  181   64    0    0    0    0
   0    0    0    0    0    0    3   25  184  242  254  144   33    0    0    0    0    0    0    0    0    0    9   59  238  253  121   27    0    0    0    0
   0    0    0    0    0    0    6   46  231  252  209   88    7    0    0    0    0    0    0    0    0    0    9   61  241  254  106   17    0    0    0    0
   0    0    0    0    0   15   68  158  248  234  120   32    1    3    8    8    8    6    7    8    5    1    9   61  241  209   70    5    0    0    0    0
   0    0    0    0    0   36  138  233  253  228  134   88   84  105  148  148  149  124  139  148  105   38   23   98  244  181   52    0    0    0    0    0
   0    0    0    0    0   58  199  254  254  241  208  194  195  214  254  254  255  219  232  238  203  141  109  170  249  138   35    0    0    0    0    0
   0    0    0    0    0   61  205  254  254  247  240  235  234  227  210  197  197  163  161  154  169  196  202  234  239   79   13    0    0    0    0    0
   0    0    0    0    0   27  112  216  216  193  172  158  154  137   92   58   58   22   20   13   28   92  188  250  200   47    4    0    0    0    0    0
   0    0    0    0    0    1   12   50   50   31   15    4    0    0    0    0    0    0    0    0    0   44  159  235  148   26    0    0    0    0    0    0
   0    0    0    0    0    0    1    3    3    2    1    0    0    0    0    0    0    0    0    0    0    9   33   46   21    4    0    0    0    0    0    0
   0    0    0    0    0    0    0    0    0    0    0    0    0    0    0    0    0    0    0    0    0    1    5    6    2    0    0    0    0    0    0    0
   0    0    0    0    0    0    0    0    0    0    0    0    0    0    0    0    0    0    0    0    0    0    0    0    0    0    0    0    0    0    0    0
   0    0    0    0    0    0    0    0    0    0    0    0    0    0    0    0    0    0    0    0    0    0    0    0    0    0    0    0    0    0    0    0
   0    0    0    0    0    0    0    0    0    0    0    0    0    0    0    0    0    0    0    0    0    0    0    0    0    0    0    0    0    0    0    0
   0    0    0    0    0    0    0    0    0    0    0    0    0    0    0    0    0    0    0    0    0    0    0    0    0    0    0    0    0    0    0    0
   0    0    0    0    0    0    0    0    0    0    0    0    0    0    0    0    0    0    0    0    0    0    0    0    0    0    0    0    0    0    0    0
   0    0    0    0    0    0    0    0    0    0    0    0    0    0    0    0    0    0    0    0    0    0    0    0    0    0    0    0    0    0    0    0
