   0    0    0    0    0    0    0    0    0    0    0    0    0    0    0    0    0    0    0    0    0    0    0    0    0    0    0    0    0    0    0    0
   0    0    0    0    0    0    0    0    0    0    0    0    0    0    0    0    0    0    0    0    0    0    0    0    0    0    0    0    0    0    0    0
   0    0    0    0    0    0    0    0    0    0    0    0    0    0    0    0    0    0    0    0    0    0    0    0    0    0    0    0    0    0    0    0
   0    0    0    0    0    0    0    0    0    0    0    0    0    0    0    0    0    0    0    0    0    0    0    0    0    0    0    0    0    0    0    0
   0    0    0    0    0    0    0    0    0    0    0    0    0    0    0    0    0    0    0    0    0    0    0    0    0    0    0    0    0    0    0    0
   0    0    0    0    0    0    0    0    0    0    0    0    0    0    0    0    0    0    0    0    0    0    0    0    0    0    0    0    0    0    0    0
   0    0    0    0    0    0    0    0    0    0    0    0    0    0    0    0    0    0    0    0    0    0    0    0    0    0    0    0    0    0    0    0
   0    0    0    0    0    0    1    4    9    9    7    5    7   12   16   16   16   16   14   11   10    7    2    0    0    0    0    0    0    0    0    0
   0    0    0    0    0    0   10   63  141  141  100   80  107  175  239  238  238  238  214  171  143  108   31    0    0    0    0    0    0    0    0    0
   0    0    0    0    0    7   51  183  232  234  226  222  225  232  232  208  235  237  232  229  231  224  169   19    2    0    0    0    0    0    0    0
   0    0    0    0    0   38  144  240  253  253  253  205  142   98   71   62   72   73   73   94  164  239  215   64    4    0    0    0    0    0    0    0
   0    0    0    1   44  134  221  252  249  193  140   85   41   14    0    0    0    0    0   12  108  230  215   46    3    0    0    0    0    0    0    0
   0    0    0   34  125  222  246  216  161   86   29    5    1    0    0    0    0    0    0   11  111  235  209   18    1    0    0    0    0    0    0    0
   0    0    0   73  176  225  187  116   36    6    0    0    0    0    0    0    0    0    0   49  158  239  182   12    1    0    0    0    0    0    0    0
   0    0    0   59  128  132   59    0    0    0    0    0    0    0    0    0    0    0    1  109  220  217  112    0    0    0    0    0    0    0    0    0
   0    0    0    0    0    0    0    0    0    0    0    0    0    0    0    0    0    0   13  150  251  190   55    0    0    0    0    0    0    0    0    0
   0    0    0    0    0    0    0    0    0    0    0    0    0    0    0    0    0    0  106  211  217  118    4    0    0    0    0    0    0    0    0    0
   0    0    0    0    0    0    0    0    0    0    0    0    0    0    0    0    0   24  169  244  173   47    0    0    0    0    0    0    0    0    0    0
   0    0    0    0    0    0    0    0    0    0    0    0    0    0    0    0    0   53  193  221  120   14    0    0    0    0    0    0    0    0    0    0
   0    0    0    0    0    0    0    0    0    0    0    0    0    0    0    1   10  139  227  153   44    3    0    0    0    0    0    0    0    0    0    0
   0    0    0    0    0    0    0    0    0    0    0    0    0    0    0    4   48  209  251  164   94   94   91   74    5    0    0    0    0    0    0    0
   0    0    0    0    0    0    0    0    0    0    0    0    0    2   15   59  137  232  253  239  227  226  220  179   12    0    0    0    0    0    0    0
   0    0    0    0    0    0    0    0    0    0    0    0    0   17   78  187  249  253  244  234  222  211  203  165   11    0    0    0    0    0    0    0
   0    0    0    0    0    0    0    0    0    0    0    0    0   61  205  242  249  252  199  139   76   27   17   14    1    0    0    0    0    0    0    0
   0    0    0    0    0    0    0    0    0    0    0    0    0   39  116   92  190  231  106   24    5    2    1    1    0    0    0    0    0    0    0    0
   0    0    0    0    0    0    0    0    0    0    0    0    0    7   33   89  232  223   73    3    0    0    0    0    0    0    0    0    0    0    0    0
   0    0    0    0    0    0    0    0    0    0    0    0    0    0   20  115  244  196   57    0    0    0    0    0    0    0    0    0    0    0    0    0
   0    0    0    0    0    0    0    0    0    0    0    0    0    0   22  126  245  161   44    0    0    0    0    0    0    0    0    0    0    0    0    0
   0    0    0    0    0    0    0    0    0    0    0    0    0    0   22  126  245  143   37    0    0    0    0    0    0    0    0    0    0    0    0    0
   0    0    0    0    0    0    0    0    0    0    0    0    0    0   20  112  226  118   29    0    0    0    0    0    0    0    0    0    0    0    0    0
   0    0    0    0    0    0    0    0    0    0    0    0    0    0   11   65  150   52    9    0    0    0    0    0    0    0    0    0    0    0    0    0
   0    0    0    0    0    0    0    0    0    0    0    0    0    0    0    0    0    0    0    0    0    0    0    0    0    0    0    0    0    0    0    0
