   0    0    0    0    0    0    0    0    0    0    0    0    0    0    0    0    0    0    0    0    0    0    0    0    0    0    0    0    0    0    0    0
   0    0    0    0    0    0    0    0    0    0    0    0    0    0    0    0    0    0    0    0    0    0    0    0    0    0    0    0    0    0    0    0
   0    0    0    0    0    0    0    0    0    0    0    0    0    0    0    0    0    0    0    0    0    0    0    0    0    0    0    0    0    0    0    0
   0    0    0    0    0    0    0    0    0    0    0    0    0    0    0    0    0    0    0    0    0    0    0    0    0    0    0    0    0    0    0    0
   0    0    0    0    0    0    0    0    0    0    0    0    0    0    0    0    0    0    0    0    0    0    0    0    0    0    0    0    0    0    0    0
   0    0    0    0    0    0    0    0    0    0    0    0    0   16   53   59   48   32   20   16   16   16   15    9    1    0    0    0    0    0    0    0
   0    0    0    0    0    0    0    0    0    0    0    0    2   57  180  202  173  131   99   89   89   89   84   58   18    3    0    0    0    0    0    0
   0    0    0    0    0    0    0    0    0    0    0    0   10   86  229  243  237  238  241  242  242  243  233  178   94   18    1    0    0    0    0    0
   0    0    0    0    0    0    0    0    0    0    0    0   21  112  225  106   21   32   88   91   91  111  103   76  170   64   12    0    0    0    0    0
   0    0    0    0    0    0    0    0    0    0    0    0   22  114  224   96    6    3   14   15   15   19   18   16   79   22    2    0    0    0    0    0
   0    0    0    0    0    0    0    0    0    0    0    0   22  114  225   96    6    0    0    0    0    0    0    1   18    3    0    0    0    0    0    0
   0    0    0    0    0    0    0    0    0    0    0    0   32  130  224   96    6    0    0    0    0    0    0    0    0    0    0    0    0    0    0    0
   0    0    0    0    0    0    0    0    0    0    0    0   56  167  224   96    6    0    0    0    0    0    0    0    0    0    0    0    0    0    0    0
   0    0    0    0    0    0    0    0    0    0    0    0   87  215  232  135   68   63   63   42   14    0    0    0    0    0    0    0    0    0    0    0
   0    0    0    0    0    0    0    0    0    0    0   13  124  253  247  222  204  203  206  155   70    9    0    0    0    0    0    0    0    0    0    0
   0    0    0    0    0    0    0    0    0    0    2   74  184  252  239  210  191  190  204  234  178   57    2    0    0    0    0    0    0    0    0    0
   0    0    0    0    0    0    0    0    0    0   26  150  243  217  118   32   14   13   27  157  240  164   31    0    0    0    0    0    0    0    0    0
   0    0    0    0    0    0    0    0    0    0   91  199  227  143   20    4    0    0    3   88  196  200   74    0    0    0    0    0    0    0    0    0
   0    0    0    0    0    0    0    0    0    0   57  139  134   49    0    0    0    0    0   43  153  205   83    0    0    0    0    0    0    0    0    0
   0    0    0    0    0    0    0    0    0    0   23   52   41    6    0    0    0    0    0   49  159  206   83    0    0    0    0    0    0    0    0    0
   0    0    0    0    0    0    0    0    0   29   74   40    0    0    0    0    0    0    0   84  194  206   83    0    0    0    0    0    0    0    0    0
   0    0    0    0    0    0    0    0    0   98  163   80    0    0    0    0    0    0    4  122  230  199   67    0    0    0    0    0    0    0    0    0
   0    0    0    0    0    0    0    0    4  169  180   73    0    0    0    0    0    3   39  167  244  169   27    0    0    0    0    0    0    0    0    0
   0    0    0    0    0    0    0    1   19  184  141   46    0    0    0    0    2   25  151  231  194   84    0    0    0    0    0    0    0    0    0    0
   0    0    0    0    0    0    0    0    1  167  148   53    0    0    0    3   36  140  223  225  128   19    0    0    0    0    0    0    0    0    0    0
   0    0    0    0    0    0    0    0    0  138  194  136   54   37   92  137  201  232  203  112   32    3    0    0    0    0    0    0    0    0    0    0
   0    0    0    0    0    0    0    0    0   64  183  217  196  189  209  224  196  147   79   27    3    0    0    0    0    0    0    0    0    0    0    0
   0    0    0    0    0    0    0    0    0   14   88  156  200  205  167  136   85   44   11    0    0    0    0    0    0    0    0    0    0    0    0    0
   0    0    0    0    0    0    0    0    0    0   12   49   89   94   56   27    7    1    0    0    0    0    0    0    0    0    0    0    0    0    0    0
   0    0    0    0    0    0    0    0    0    0    0    0    0    0    0    0    0    0    0    0    0    0    0    0    0    0    0    0    0    0    0    0
   0    0    0    0    0    0    0    0    0    0    0    0    0    0    0    0    0    0    0    0    0    0    0    0    0    0    0    0    0    0    0    0
   0    0    0    0    0    0    0    0    0    0    0    0    0    0    0    0    0    0    0    0    0    0    0    0    0    0    0    0    0    0    0    0
