   0    0    0    0    0    0    0    0    0    0    0    0    0    0    0    0    0    0    0    0    0    0    0    0    0    0    0    0    0    0    0    0
   0    0    0    0    0    0    0    0    0    0    0    0    0    0    0    0    0    0    0    0    0    0    0    0    0    0    0    0    0    0    0    0
   0    0    0    0    0    0    0    0    0    0    0    0    0    0    0    0    0    0    0    0    0    0    0    0    0    0    0    0    0    0    0    0
   0    0    0    0    0    0    0    0    0    0    0    0    0    0    0    0    0    0    0    0    0    0    0    0    0    0    0    0    0    0    0    0
   0    0    0    0    0    0    0    0    0    0    0    0    0    1   16   68  108   93   37    6    0    0    0    0    0    0    0    0    0    0    0    0
   0    0    0    0    0    0    0    0    0    0    0    0    0    6   50  186  248  225  106   24    0    0    0    0    0    0    0    0    0    0    0    0
   0    0    0    0    0    0    0    0    0    0    0    0    2   24  101  251  251  253  153   47    0    0    0    0    0    0    0    0    0    0    0    0
   0    0    0    0    0    0    0    0    0    0    0    4   18   84  210  251  251  253  156   53    6    3    0    0    0    0    0    0    0    0    0    0
   0    0    0    0    0    0    0    0    0    0    0   58  137  201  248  251  251  253  192  130   83   40    0    0    0    0    0    0    0    0    0    0
   0    0    0    0    0    0    0    0    0    0    0  127  232  243  251  251  251  253  241  229  209  144   33    0    0    0    0    0    0    0    0    0
   0    0    0    0    0    0    0    0    0    0   86  198  253  252  252  252  252  243  234  243  248  226  154    0    0    0    0    0    0    0    0    0
   0    0    0    0    0    0    0    0    0   29  151  232  253  252  252  249  197  155  137  160  213  252  216   55    4    0    0    0    0    0    0    0
   0    0    0    0    0    0    0    1   13  114  204  245  252  247  230  194   95   52   38   63  154  245  235  158   57   11    1    0    0    0    0    0
   0    0    0    0    0    0    0    2   32  199  247  252  244  208  145   89   12    1    0   12   96  211  250  241  162   41    5    0    0    0    0    0
   0    0    0    0    0    0    0    2   35  211  251  247  206  114   13    0    0    0    0    0   42  140  243  253  251   76   11    0    0    0    0    0
   0    0    0    0    0    0    0    2   35  211  251  216  118   20    0    0    0    0    0    0   14   84  210  253  251   83   14    0    0    0    0    0
   0    0    0    0    0    0    0    2   35  213  253  118    8    1    0    0    0    0    0    0   14   85  212  255  253  174   49    0    0    0    0    0
   0    0    0    0    0    0    0    8  113  227  251  110    0    0    0    0    0    0    0    0   42  140  244  253  251   96   19    0    0    0    0    0
   0    0    0    0    0    0    0   12  181  240  251  110    0    0    0    0    0    0   10   31  109  211  251  252  237   71   10    0    0    0    0    0
   0    0    0    0    0    0    0   14  203  245  251  110    0    0    0    0    0    0   62  134  201  245  248  229  141   36    4    0    0    0    0    0
   0    0    0    0    0    0    0   14  203  245  251  110    0    0    0    0    0   65  147  219  251  251  242  193   45    6    0    0    0    0    0    0
   0    0    0    0    0    0    0   14  203  245  252  123   23   38   73   79   79  181  223  243  252  252  228  116    8    0    0    0    0    0    0    0
   0    0    0    0    0    0    0   13  186  242  253  171  107  145  236  253  253  255  254  253  253  247  190    0    0    0    0    0    0    0    0    0
   0    0    0    0    0    0    0    7  101  223  251  252  252  251  251  251  251  253  251  248  243  207  112    0    0    0    0    0    0    0    0    0
   0    0    0    0    0    0    0    2   34  195  244  252  252  251  251  251  251  253  238  210  130   39   15    0    0    0    0    0    0    0    0    0
   0    0    0    0    0    0    0    0    5   77  141  213  252  251  251  251  251  253  169   77   23    5    2    0    0    0    0    0    0    0    0    0
   0    0    0    0    0    0    0    0    0   16   37   92  159  215  241  193  131  129   77   24    0    0    0    0    0    0    0    0    0    0    0    0
   0    0    0    0    0    0    0    0    0    0    0   18   51   87  103   73   34   32   19    6    0    0    0    0    0    0    0    0    0    0    0    0
   0    0    0    0    0    0    0    0    0    0    0    0    0    0    0    0    0    0    0    0    0    0    0    0    0    0    0    0    0    0    0    0
   0    0    0    0    0    0    0    0    0    0    0    0    0    0    0    0    0    0    0    0    0    0    0    0    0    0    0    0    0    0    0    0
   0    0    0    0    0    0    0    0    0    0    0    0    0    0    0    0    0    0    0    0    0    0    0    0    0    0    0    0    0    0    0    0
   0    0    0    0    0    0    0    0    0    0    0    0    0    0    0    0    0    0    0    0    0    0    0    0    0    0    0    0    0    0    0    0
