   0    0    0    0    0    0    0    0    0    0    0    0    0    0    0    0    0    0    0    0    0    0    0    0    0    0    0    0    0    0    0    0
   0    0    0    0    0    0    0    0    0    0    0    0    0    0    0    0    0    0    0    0    0    0    0    0    0    0    0    0    0    0    0    0
   0    0    0    0    0    0    0    0    0    0    0    0    0    0    0    0    0    0    0    0    0    0    0    0    0    0    0    0    0    0    0    0
   0    0    0    0    0    0    0    0    0    0   44  109   95   22    0    0    0    0    0    0    0    0    0    0    0    0    0    0    0    0    0    0
   0    0    0    0    0    0    0    0    0    0  112  214  168   39    0    0    0    0    0    0    0    0    0    0    0    0    0    0    0    0    0    0
   0    0    0    0    0    0    0    0    0    8  164  221  136   27    0    0    0    0    0    0    0    0    0    0    0    0    0    0    0    0    0    0
   0    0    0    0    0    0    0    0    0   37  189  173   61    0    0    0    0    0    0    0    0    0    0    0    0    0    0    0    0    0    0    0
   0    0    0    0    0    0    0    0    0   97  213  158   46    0    0    0    0    0    0    0    0    0    0    0    0    0    0    0    0    0    0    0
   0    0    0    0    0    0    0    0    0  157  235  130   18    0    0    0    0    0    0    0    0    0    0    0    0    0    0    0    0    0    0    0
   0    0    0    0    0    0    0    2   22  203  235  104    3    0    0    0    0    0    0    0    0    0    0    0    0    0    0    0    0    0    0    0
   0    0    0    0    0    0    0    7   99  227  195   74    0    0    0    0    0    0   27   50   59   71   86   36    3    0    0    0    0    0    0    0
   0    0    0    0    0    0    0   10  147  237  156   49    0    0    0    0    0   26  114  168  181  189  198  160   41    6    0    0    0    0    0    0
   0    0    0    0    0    0    0   11  159  239  139   38    0    0    0    0    0   86  197  248  228  185  182  235  126   22    0    0    0    0    0    0
   0    0    0    0    0    0    0   11  159  239  139   38    0    0    0    1   17  163  236  225  148   66   71  209  216   40    0    0    0    0    0    0
   0    0    0    0    0    0    0   11  159  239  139   38    0    0    0    5   73  222  233  137   39    0   32  175  250   61    5    0    0    0    0    0
   0    0    0    0    0    0    0   11  157  239  140   39    0    0    0   13  164  237  134   36    0    0   32  175  250  118   27    0    0    0    0    0
   0    0    0    0    0    0    0    9  134  234  157   49    0    0    5   41  236  211   67    2    0    0   32  175  250  118   27    0    0    0    0    0
   0    0    0    0    0    0    0    3   47  217  237  100    0    0   27  150  248  153   41    0    0    0   36  195  229   56    5    0    0    0    0    0
   0    0    0    0    0    0    0    1    8  177  243  156   44    0   32  175  250  125   30    0    0   19   93  232  155   28    0    0    0    0    0    0
   0    0    0    0    0    0    0    0    0  110  217  220  151   76   67  220  253   92   17    0   21   85  179  228   77   12    0    0    0    0    0    0
   0    0    0    0    0    0    0    0    0   39  148  221  227  188  164  255  255   92   43   58  112  185  223  144   25    3    0    0    0    0    0    0
   0    0    0    0    0    0    0    0    0    0   54  127  189  231  255  255  255  161  139  171  214  221  157   36    3    0    0    0    0    0    0    0
   0    0    0    0    0    0    0    0    0    0    0   13   63  144  215  250  255  255  240  228  196  118   20    0    0    0    0    0    0    0    0    0
   0    0    0    0    0    0    0    0    0    0    0    0    0    0   41  223  253  255  178  114   53    2    0    0    0    0    0    0    0    0    0    0
   0    0    0    0    0    0    0    0    0    0    0    0    0    0   27  153  248  255  196  166  116   37    0    0    0    0    0    0    0    0    0    0
   0    0    0    0    0    0    0    0    0    0    0    0    0    0    5   35  154  218  190  145   85   24    0    0    0    0    0    0    0    0    0    0
   0    0    0    0    0    0    0    0    0    0    0    0    0    0    0    3   41   66   59   43   24    6    0    0    0    0    0    0    0    0    0    0
   0    0    0    0    0    0    0    0    0    0    0    0    0    0    0    0    0    0    0    0    0    0    0    0    0    0    0    0    0    0    0    0
   0    0    0    0    0    0    0    0    0    0    0    0    0    0    0    0    0    0    0    0    0    0    0    0    0    0    0    0    0    0    0    0
   0    0    0    0    0    0    0    0    0    0    0    0    0    0    0    0    0    0    0    0    0    0    0    0    0    0    0    0    0    0    0    0
   0    0    0    0    0    0    0    0    0    0    0    0    0    0    0    0    0    0    0    0    0    0    0    0    0    0    0    0    0    0    0    0
   0    0    0    0    0    0    0    0    0    0    0    0    0    0    0    0    0    0    0    0    0    0    0    0    0    0    0    0    0    0    0    0
