   0    0    0    0    0    0    0    0    0    0    0    0    0    0    0    0    0    0    0    0    0    0    0    0    0    0    0    0    0    0    0    0
   0    0    0    0    0    0    0    0    0    0    0    0    0    0    0    0    0    0    0    0    0    0    0    0    0    0    0    0    0    0    0    0
   0    0    0    0    0    0    0    0    0    0    0    0    0    0    0    0    0    0    0    0    0    0    0    0    0    0    0    0    0    0    0    0
   0    0    0    0    0    0    0    0    0    0    0    0    0    0    0    0    0    0    0    0    0    0    0    0    0    0    0    0    0    0    0    0
   0    0    0    0    0    0    0    0    0    0    0    0    0    0    0    0    0    0    0    0    0    0    0    0    0    0    0    0    0    0    0    0
   0    0    0    0    0    0    0    0    0    0    0    0    0    0    0    0    0    0    0    0    0    0    0    0    0    0    0    0    0    0    0    0
   0    0    0    0    0    0    0    0    0    0    0    0    0    0    0    0    0    5   20   32   24    6    0    0    0    0    0    0    0    0    0    0
   0    0    0    0    0    0    0    0    0    0    0    0    0    0    0    3    9   37  115  175  135   39    3    5    3    1    0    0    0    0    0    0
   0    0    0    0    0    0    0    0    0    0    0    0    0    0    7   42  130  210  241  249  236  163   50   70   45    8    0    0    0    0    0    0
   0    0    0    0    0    0    0    0    0    0    0    0    1   12   65  197  232  248  253  254  252  235  207  217  172   33    1    0    0    0    0    0
   0    0    0    0    0    0    0    0    0    0    0    8   48  121  199  247  254  246  250  253  254  253  251  252  226   45    1    0    0    0    0    0
   0    0    0    0    0    0    0    0    0    0    0   54  142  217  253  246  175  149  197  240  254  254  252  236  142   27    0    0    0    0    0    0
   0    0    0    0    0    0    0    0    0    1   53  144  222  247  220  159  114  130  195  241  254  254  246  201   44    6    0    0    0    0    0    0
   0    0    0    0    0    0    0    0    0   30  148  229  247  218  158  115  159  215  246  254  254  250  223  128    9    0    0    0    0    0    0    0
   0    0    0    0    0    0    0    0    1  109  217  254  240  190  143  248  251  234  239  249  254  236  166   24    2    0    0    0    0    0    0    0
   0    0    0    0    0    0    0    0    5  187  246  254  254  253  252  245  224  141  176  230  253  208   92    0    0    0    0    0    0    0    0    0
   0    0    0    0    0    0    0    0    3  163  237  254  250  244  220  132   37   48  183  250  232  145   16    0    0    0    0    0    0    0    0    0
   0    0    0    0    0    0    0    0    1   41  100  121  101   68   41   24   13  124  221  248  167   48    2    0    0    0    0    0    0    0    0    0
   0    0    0    0    0    0    0    0    0    4   21   28   21    9    0    4   65  199  246  213  108    8    0    0    0    0    0    0    0    0    0    0
   0    0    0    0    0    0    0    0    0    0    0    0    0    0    2   20  150  236  243  144   40    0    0    0    0    0    0    0    0    0    0    0
   0    0    0    0    0    0    0    0    0    0    0    0    0    0   18  105  221  250  196   76    2    0    0    0    0    0    0    0    0    0    0    0
   0    0    0    0    0    0    0    0    0    0    0    0    0    3   48  214  251  235  119   30    0    0    0    0    0    0    0    0    0    0    0    0
   0    0    0    0    0    0    0    0    0    0    0    0    2   25  102  245  248  169   49    1    0    0    0    0    0    0    0    0    0    0    0    0
   0    0    0    0    0    0    0    0    0    0    0    0   13   91  231  252  221   64    8    0    0    0    0    0    0    0    0    0    0    0    0    0
   0    0    0    0    0    0    0    0    0    0    0    0   33  129  252  247  141   27    1    0    0    0    0    0    0    0    0    0    0    0    0    0
   0    0    0    0    0    0    0    0    0    0    0   24  116  222  253  238   78   13    0    0    0    0    0    0    0    0    0    0    0    0    0    0
   0    0    0    0    0    0    0    0    0    0    6   84  189  251  251  224   57    9    0    0    0    0    0    0    0    0    0    0    0    0    0    0
   0    0    0    0    0    0    0    0    0    0   47  155  237  250  220  121   25    4    0    0    0    0    0    0    0    0    0    0    0    0    0    0
   0    0    0    0    0    0    0    0    0    0   77  188  226  180  119   25    2    0    0    0    0    0    0    0    0    0    0    0    0    0    0    0
   0    0    0    0    0    0    0    0    0    0   52  126  131   65   14    0    0    0    0    0    0    0    0    0    0    0    0    0    0    0    0    0
   0    0    0    0    0    0    0    0    0    0    0    0    0    0    0    0    0    0    0    0    0    0    0    0    0    0    0    0    0    0    0    0
   0    0    0    0    0    0    0    0    0    0    0    0    0    0    0    0    0    0    0    0    0    0    0    0    0    0    0    0    0    0    0    0
