   0    0    0    0    0    0    0    0    0    0    0    0    0    0    0    0    0    0    0    0    0    0    0    0    0    0    0    0    0    0    0    0
   0    0    0    0    0    0    0    0    0    0    0    0    0    0    0    0    0    0    0    0    0    0    0    0    0    0    0    0    0    0    0    0
   0    0    0    0    0    0    0    0    0    0    0    0    0    0    0    0    0    0    0    0    0    0    0    0    0    0    0    0    0    0    0    0
   0    0    0    0    0    0    0    0    0    0    0    0    0    0    0    0    0    0    0    0    0    0    0    0    0    0    0    0    0    0    0    0
   0    0    0    0    0    0    0    0    0    0    0    0    0    0    0    0    0    0    0    0    0    0    0    0    0    0    0    0    0    0    0    0
   0    0    0    0    0    0    0    0    0    0    0    0    0    0    0    0    0    0    0    0    0    0    0    0    0    0    0    0    0    0    0    0
   0    0    0    0    0    0    0    0    0    0    0    0    1   11   29   34    3    0    0    0    0    0    0    0    0    0    0    0    0    0    0    0
   0    0    0    0    0    0    0    0    0    0    0    3   15   67  163  185   18    1    0    0    0    0    0    0    0    0    0    0    0    0    0    0
   0    0    0    0    0    0    0    0    0    0    0   48  140  222  247  234   33    4    0    0    0    0    0    0    0    0    0    0    0    0    0    0
   0    0    0    0    0    0    0    0    0    0   15  127  225  250  253  246  145   38    5    0    0    0    0    0    0    0    0    0    0    0    0    0
   0    0    0    0    0    0    0    0    0    0   74  186  250  254  253  251  227  180  107   37    2    0    0    0    0    0    0    0    0    0    0    0
   0    0    0    0    0    0    0    0    0   14  142  229  242  224  222  253  253  248  201   88    9    0    0    0    0    0    0    0    0    0    0    0
   0    0    0    0    0    0    0    0    0   42  186  236  179  114  122  189  235  250  245  163   61    5    0    0    0    0    0    0    0    0    0    0
   0    0    0    0    0    0    0    0    0   66  200  200   89    2   17   76  199  245  255  223  119   11    0    0    0    0    0    0    0    0    0    0
   0    0    0    0    0    0    0    0    0   84  206  164   53    0    0   12  180  242  254  213  106    7    0    0    0    0    0    0    0    0    0    0
   0    0    0    0    0    0    0    0    0  138  227  200   90    3    6   25  221  248  254  191   81    2    0    0    0    0    0    0    0    0    0    0
   0    0    0    0    0    0    0    0    0   75  203  226  132   51   94  161  244  241  249  240  146   27    0    0    0    0    0    0    0    0    0    0
   0    0    0    0    0    0    0    0    0   25  175  243  231  217  224  234  200   97  177  238  198   91    0    0    0    0    0    0    0    0    0    0
   0    0    0    0    0    0    0    0    0    5   85  190  249  255  240  171   71   21  113  213  230  146   19    0    0    0    0    0    0    0    0    0
   0    0    0    0    0    0    0    0    0    0   21   94  168  198  169   66    8    1   44  146  223  198   86    0    0    0    0    0    0    0    0    0
   0    0    0    0    0    0    0    0    0    0    0   21   60   86   66    6    1    0    3   79  188  233  156    7    0    0    0    0    0    0    0    0
   0    0    0    0    0    0    0    0    0    0    0    0    0    0    0    0    0    0    0   35  133  229  200   49    3    0    0    0    0    0    0    0
   0    0    0    0    0    0    0    0    0    0    0    0    0    0    0    0    0    0    0    1   64  177  232  141   16    1    0    0    0    0    0    0
   0    0    0    0    0    0    0    0    0    0    0    0    0    0    0    0    0    0    0    0   20  105  240  241   59    9    0    0    0    0    0    0
   0    0    0    0    0    0    0    0    0    0    0    0    0    0    0    0    0    0    0    0    1   41  148  248  169   38    3    0    0    0    0    0
   0    0    0    0    0    0    0    0    0    0    0    0    0    0    0    0    0    0    0    0    0   12   74  225  238   77   12    0    0    0    0    0
   0    0    0    0    0    0    0    0    0    0    0    0    0    0    0    0    0    0    0    0    0    2   22   99  244  152   40    0    0    0    0    0
   0    0    0    0    0    0    0    0    0    0    0    0    0    0    0    0    0    0    0    0    0    0    3   26  203  211   82   10    0    0    0    0
   0    0    0    0    0    0    0    0    0    0    0    0    0    0    0    0    0    0    0    0    0    0    0    7  104  212  113   25    0    0    0    0
   0    0    0    0    0    0    0    0    0    0    0    0    0    0    0    0    0    0    0    0    0    0    0    1    9  127   85   23    0    0    0    0
   0    0    0    0    0    0    0    0    0    0    0    0    0    0    0    0    0    0    0    0    0    0    0    0    0    0    0    0    0    0    0    0
   0    0    0    0    0    0    0    0    0    0    0    0    0    0    0    0    0    0    0    0    0    0    0    0    0    0    0    0    0    0    0    0
