   0    0    0    0    0    0    0    0    0    0    0    0    0    0    0    0    0    0    0    0    0    0    0    0    0    0    0    0    0    0    0    0
   0    0    0    0    0    0    0    0    0    0    0    0    0    0    0    0    0    0    0    0    0    0    0    0    0    0    0    0    0    0    0    0
   0    0    0    0    0    0    0    0    0    0    0    0    0    0    0    0    0    0    0    0    0    0    0    0    0    0    0    0    0    0    0    0
   0    0    0    0    0    0    0    0    0    0    0   37   68   78  105  143  143   96   62   23    0    0    0    0    0    0    0    0    0    0    0    0
   0    0    0    0    0    0    0    0    0    0   51  131  178  189  216  254  254  206  163   72    7    0    0    0    0    0    0    0    0    0    0    0
   0    0    0    0    0    0    0    0    0   43  151  228  253  249  236  219  228  249  237  133   33    0    0    0    0    0    0    0    0    0    0    0
   0    0    0    0    0    0    0    1    9  151  232  249  230  201  164  117  143  226  250  181   71    0    0    0    0    0    0    0    0    0    0    0
   0    0    0    0    0    0    0    3   50  213  250  221  125   24    9    1   13  172  239  186   76    0    0    0    0    0    0    0    0    0    0    0
   0    0    0    0    0    0    0    5   71  218  225  114   21    2    1    8  107  221  250  150   40    0    0    0    0    0    0    0    0    0    0    0
   0    0    0    0    0    0    0    1   14   61   60   26    3    0    0   12  181  241  253  147   37    0    0    0    0    0    0    0    0    0    0    0
   0    0    0    0    0    0    0    0    0    8    7    3    0    0   15   90  226  250  227  109   16    0    0    0    0    0    0    0    0    0    0    0
   0    0    0    0    0    0    0    0    0    0    0    0    0   14   70  194  247  242  159   56    3    0    0    0    0    0    0    0    0    0    0    0
   0    0    0    0    0    0    0    0    0    0    0    0    0   31  127  250  253  204   85   16    0    0    0    0    0    0    0    0    0    0    0    0
   0    0    0    0    0    0    0    0    0    0    0    0   24   89  181  251  226  125   32    0    0    0    0    0    0    0    0    0    0    0    0    0
   0    0    0    0    0    0    0    0    0    0    0    3   84  206  247  242  143   34    3    0    0    0    0    0    0    0    0    0    0    0    0    0
   0    0    0    0    0    0    0    0    0    0    0   20  123  241  248  215   45    7    0    0    0    0    0    0    0    0    0    0    0    0    0    0
   0    0    0    0    0    0    0    0    0    0    0  105  215  252  233  138   11    0    0    0    0    0    0    0    0    0    0    0    0    0    0    0
   0    0    0    0    0    0    0    0    0    0   44  162  245  237  170   34    3    0    0    0    0    0    0    0    0    0    0    0    0    0    0    0
   0    0    0    0    0    0    0    0    0   10  115  213  252  223  128    3    0    0    0    0    0    0    0    0    0    0    0    0    0    0    0    0
   0    0    0    0    0    0    0    0    0   68  184  243  233  165   56    0    0    0    0    0    0    0    0    0    0    0    0    0    0    0    0    0
   0    0    0    0    0    0    0    0    0  150  231  253  190   77    6    0    0    0    0    0    0    0    0    0    0    0    0    0    0    0    0    0
   0    0    0    0    0    0    0    0    0  202  251  253  156   23    6    6    6    6    3    1    1    3    6    7   11   40   47   47   47   33    3    0
   0    0    0    0    0    0    0    0    0  202  251  253  178   77   64   64   64   64   45   31   30   44   64   65   77  152  169  169  169  124   25    0
   0    0    0    0    0    0    0    0    0  198  250  253  253  253  253  253  253  253  199  160  159  197  253  253  253  253  249  246  245  205   97    0
   0    0    0    0    0    0    0    0    0  145  229  253  253  253  253  253  253  253  249  247  247  249  252  249  247  247  197  147  126  105   49    0
   0    0    0    0    0    0    0    0    0   26  109  146  147  147  154  186  249  253  253  208  162  147  135   78   49   46   36   26   22   18    9    0
   0    0    0    0    0    0    0    0    0    0   25   38   38   38   41   53   78   79   79   62   44   38   34   12    1    0    0    0    0    0    0    0
   0    0    0    0    0    0    0    0    0    0    0    0    0    0    0    0    0    0    0    0    0    0    0    0    0    0    0    0    0    0    0    0
   0    0    0    0    0    0    0    0    0    0    0    0    0    0    0    0    0    0    0    0    0    0    0    0    0    0    0    0    0    0    0    0
   0    0    0    0    0    0    0    0    0    0    0    0    0    0    0    0    0    0    0    0    0    0    0    0    0    0    0    0    0    0    0    0
   0    0    0    0    0    0    0    0    0    0    0    0    0    0    0    0    0    0    0    0    0    0    0    0    0    0    0    0    0    0    0    0
   0    0    0    0    0    0    0    0    0    0    0    0    0    0    0    0    0    0    0    0    0    0    0    0    0    0    0    0    0    0    0    0
