   0    0    0    0    0    0    0    0    0    0    0    0    0    0    0    0    0    0    0    0    0    0    0    0    0    0    0    0    0    0    0    0
   0    0    0    0    0    0    0    0    0    0    0    0    0    0    0    0    0    0    0    0    0    0    0    0    0    0    0    0    0    0    0    0
   0    0    0    0    0    0    0    0    0    0    0    0    0    0    0    0    0    0    0    0    0    0    0    0    0    0    0    0    0    0    0    0
   0    0    0    0    0    0    0    0    0    0    0    0    0    0    0    0    0    0    0    0    0    0    0    0    0    0    0    0    0    0    0    0
   0    0    0    0    0    0    0    0    0    0    0    0    0    0    0    0    0    0    0    0    0    0    0    0    0    0    0    0    0    0    0    0
   0    0    0    0    0    0    0    0    0    0    0    0    0   22   63   34    2    0    0    0    0    0    0    0    0    0    0    0    0    0    0    0
   0    0    0    0    0    0    0    0    0    0    0    0    4   77  207  114    7    0    0    0    2   16   40   24    2    0    0    0    0    0    0    0
   0    0    0    0    0    0    0    0    0    0    0    0   25  119  234  137    9    0    0    0   10   88  214  129    8    0    0    0    0    0    0    0
   0    0    0    0    0    0    0    0    0    0    0    0   71  190  228  110    7    0    0    0   11   95  238  170   12    0    0    0    0    0    0    0
   0    0    0    0    0    0    0    0    0    0    0   24  120  232  223   82    5    0    0    0   35  133  240  173   12    0    0    0    0    0    0    0
   0    0    0    0    0    0    0    0    0    0    6   98  203  230  159   24    2    0    0    0   55  165  233  136    9    0    0    0    0    0    0    0
   0    0    0    0    0    0    0    0    0    0   48  165  245  210   92    0    0    0    0    0   78  201  226  101    7    0    0    0    0    0    0    0
   0    0    0    0    0    0    0    0    0    5  116  215  224  142   35    0    0    0    0    0   91  221  217   56    4    0    0    0    0    0    0    0
   0    0    0    0    0    0    0    0    0   66  190  238  167   52    0    0    0    0    0    6  101  228  208   11    1    0    0    0    0    0    0    0
   0    0    0    0    0    0    0    3   30  196  248  208  104   11    0    0    0    0    0   20  127  246  206    0    0    0    0    0    0    0    0    0
   0    0    0    0    0    0    1   18  165  239  254  144   37    8    3    3    2    0    0   29  141  254  206    0    0    0    0    0    0    0    0    0
   0    0    0    0    0    0    5   37  234  253  253  235  192  119   44   43   25    5    0   70  181  253  206    0    0    0    0    0    0    0    0    0
   0    0    0    0    0    0    4   36  233  253  253  251  244  229  215  213  194  151  160  194  230  234  156    0    0    0    0    0    0    0    0    0
   0    0    0    0    0    0    1   14  127  180  213  228  230  237  254  253  247  232  236  243  247  202   84    0    0    0    0    0    0    0    0    0
   0    0    0    0    0    0    0    2   35   64   85   95   96  117  169  191  191  168  193  233  246  172   25    0    0    0    0    0    0    0    0    0
   0    0    0    0    0    0    0    0    0    0    0    0    0   16   57   80   80   57  128  214  241  153    0    0    0    0    0    0    0    0    0    0
   0    0    0    0    0    0    0    0    0    0    0    0    0    0    0    0    0    0  109  212  225  130    0    0    0    0    0    0    0    0    0    0
   0    0    0    0    0    0    0    0    0    0    0    0    0    0    0    0    0    0  123  221  202   94    0    0    0    0    0    0    0    0    0    0
   0    0    0    0    0    0    0    0    0    0    0    0    0    0    0    0    0    3  154  240  201   92    0    0    0    0    0    0    0    0    0    0
   0    0    0    0    0    0    0    0    0    0    0    0    0    0    0    0    0   46  191  253  180   57    0    0    0    0    0    0    0    0    0    0
   0    0    0    0    0    0    0    0    0    0    0    0    0    0    0    0    0   71  202  253  165   36    0    0    0    0    0    0    0    0    0    0
   0    0    0    0    0    0    0    0    0    0    0    0    0    0    0    0    0   52  195  239  137   14    0    0    0    0    0    0    0    0    0    0
   0    0    0    0    0    0    0    0    0    0    0    0    0    0    0    0    0   18  156  181   88    3    0    0    0    0    0    0    0    0    0    0
   0    0    0    0    0    0    0    0    0    0    0    0    0    0    0    0    0    0   72   79   34    0    0    0    0    0    0    0    0    0    0    0
   0    0    0    0    0    0    0    0    0    0    0    0    0    0    0    0    0    0    0    0    0    0    0    0    0    0    0    0    0    0    0    0
   0    0    0    0    0    0    0    0    0    0    0    0    0    0    0    0    0    0    0    0    0    0    0    0    0    0    0    0    0    0    0    0
   0    0    0    0    0    0    0    0    0    0    0    0    0    0    0    0    0    0    0    0    0    0    0    0    0    0    0    0    0    0    0    0
