   0    0    0    0    0    0    0    0    0    0    0    0    0    0    0    0    0    0    0    0    0    0    0    0    0    0    0    0    0    0    0    0
   0    0    0    0    0    0    0    0    0    0    0    0    0    0    0    0    0    0    0    0    0    0    0    0    0    0    0    0    0    0    0    0
   0    0    0    0    0    0    0    0    0    0    0    0    0    0    0    0    0    0    0    0    0    0    0    0    0    0    0    0    0    0    0    0
   0    0    0    0    0    0    0    0    0    0    0    0    0    0    0    0    0    0    0    0    0    0    0    0    0    0    0    0    0    0    0    0
   0    0    0    0    0    0    0    0    0    0    0    0    0    0    0    0    0    0    0    0    0    0    0    0    0    0    0    0    0    0    0    0
   0    0    0    0    0    0    0    0    0    0    0    0    0    0    0    0    0    0    0    0    0    0    0    0    0    0    0    0    0    0    0    0
   0    0    0    0    0    0    0    0    0    0    0    0    5   17   30   43   47   40   28   10    0    0    0    0    0    0    0    0    0    0    0    0
   0    0    0    0    0    0    0    0    0    0    1    8   40  100  167  231  251  215  153   60    3    0    0    0    0    0    0    0    0    0    0    0
   0    0    0    0    0    0    0    0    0    0   16  114  210  242  243  224  219  230  241  153   47    0    0    0    0    0    0    0    0    0    0    0
   0    0    0    0    0    0    0    0    0   13  123  211  237  189   95   53   42   63  169  183   90   24   63   29    2    0    0    0    0    0    0    0
   0    0    0    0    0    0    0    0    0   81  195  236  164   57   19    4    0    8   64   80   65   99  198  175   17    1    0    0    0    0    0    0
   0    0    0    0    0    0    0    3   47  172  230  166   61    2    0    0    0    0   11   27   93  194  245  196   17    1    0    0    0    0    0    0
   0    0    0    0    0    0    0    7  102  225  227   99    4    0    0    0    0    0    0   17  121  243  237  158   11    0    0    0    0    0    0    0
   0    0    0    0    0    0    0    9  136  233  186   68    0    0    0    0    0    0    0   21  126  245  231  126    8    0    0    0    0    0    0    0
   0    0    0    0    0    0    0   14  172  240  126   30    0    0    0    0    0    0    1   63  171  249  217   62    4    0    0    0    0    0    0    0
   0    0    0    0    0    0    2   25  235  252  111   21    0    0    0    0    0    0    7  129  235  247  197   27    2    0    0    0    0    0    0    0
   0    0    0    0    0    0    2   25  238  253  111   21    0    0    0    0    0    4   48  171  252  221  121    2    0    0    0    0    0    0    0    0
   0    0    0    0    0    0    1   20  214  248  151   45    0    0    0    2   19   83  181  238  253  195   53    0    0    0    0    0    0    0    0    0
   0    0    0    0    0    0    0    7   83  216  222  164  104   80  102  113  156  197  232  249  245  169   22    0    0    0    0    0    0    0    0    0
   0    0    0    0    0    0    0    1   11  124  201  224  208  192  201  190  185  152  213  249  224  131    7    0    0    0    0    0    0    0    0    0
   0    0    0    0    0    0    0    0    0   35   93  144  167  165  154  119   90   61  189  251  195   83    0    0    0    0    0    0    0    0    0    0
   0    0    0    0    0    0    0    0    0    0    2   23   39   37   28    0    0   38  189  253  167   39    0    0    0    0    0    0    0    0    0    0
   0    0    0    0    0    0    0    0    0    0    0    0    0    0    0    0    0   67  200  253  150   12    0    0    0    0    0    0    0    0    0    0
   0    0    0    0    0    0    0    0    0    0    0    0    0    0    0    0    2  126  223  251  147   11    0    0    0    0    0    0    0    0    0    0
   0    0    0    0    0    0    0    0    0    0    0    0    0    0    0    2   26  194  246  220  112    4    0    0    0    0    0    0    0    0    0    0
   0    0    0    0    0    0    0    0    0    0    0    0    0    0    0    4   56  214  252  182   72    1    0    0    0    0    0    0    0    0    0    0
   0    0    0    0    0    0    0    0    0    0    0    0    0    0    0    5   76  221  249  129   21    0    0    0    0    0    0    0    0    0    0    0
   0    0    0    0    0    0    0    0    0    0    0    0    0    0    0    8  125  230  229   96    1    0    0    0    0    0    0    0    0    0    0    0
   0    0    0    0    0    0    0    0    0    0    0    0    0    0    0   13  194  244  201   77    0    0    0    0    0    0    0    0    0    0    0    0
   0    0    0    0    0    0    0    0    0    0    0    0    0    0    0   11  164  174  125   45    0    0    0    0    0    0    0    0    0    0    0    0
   0    0    0    0    0    0    0    0    0    0    0    0    0    0    0    0    0    0    0    0    0    0    0    0    0    0    0    0    0    0    0    0
   0    0    0    0    0    0    0    0    0    0    0    0    0    0    0    0    0    0    0    0    0    0    0    0    0    0    0    0    0    0    0    0
