   0    0    0    0    0    0    0    0    0    0    0    0    0    0    0    0    0    0    0    0    0    0    0    0    0    0    0    0    0    0    0    0
   0    0    0    0    0    0    0    0    0    0    0    0    0    0    0    0    0    0    0    0    0    0    0    0    0    0    0    0    0    0    0    0
   0    0    0    0    0    0    0    0    0    0    0    0    0    0    0    0    0    0    0    0    0    0    0    0    0    0    0    0    0    0    0    0
   0    0    0    0    0    0    0    0    0    0    0    0    0    0    0    0    0    0    0    0    0    0    0    0    0    0    0    0    0    0    0    0
   0    0    0    0    0    0    0    0    0    0    0    0    0    0    0    0    0    0    0    0    0    0    0    0    0    0    0    0    0    0    0    0
   0    0    0    0    0    0    0    0    0    0    0    0    0    0    0    0    0    0    0    0    0    0    0    0    0    0    0    0    0    0    0    0
   0    0    0    0    0    0    0    0    0    0    0    0    0    0    0    0    0    0    0    0    0    0    0    0    0    0    0    0    0    0    0    0
   0    0    0    0    0    0    0    0    0    0    0    0    0    0    0    2    3    8   11   13   10    5    2    0    0    0    0    0    0    0    0    0
   0    0    0    0    0    0    0    0    0    0    0    0    0    0    7   35   52  114  170  188  144   72   28    0    0    0    0    0    0    0    0    0
   0    0    0    0    0    0    0    0    0    0    0    0   16   63  137  198  216  229  240  244  235  220  203  168  126   27    2    0    0    0    0    0
   0    0    0    0    0    0    0    0    0    0   22   73  138  192  227  247  237  201  178  216  237  228  247  222  203   98   23    0    0    0    0    0
   0    0    0    0    0    0    0    0    0   70  132  184  226  238  212  186  109   79   63  147  171  145  225  238  224  195   67    5    0    0    0    0
   0    0    0    0    0    0    1    7   52  170  229  244  225  171  105   75    9    1    0  112  130   72  162  249  237  250   94    9    0    0    0    0
   0    0    0    0    0    0    6   36  154  236  248  207  138   63    6    0    0    1    7  106  145  107  148  254  254  231   82    7    0    0    0    0
   0    0    0    0    0    0   14   83  232  252  235  135   47   28   33   33   32   40   63  109  178  235  246  254  251  159   46    2    0    0    0    0
   0    0    0    0    0    0   13   81  226  250  234  165  130  157  183  182  175  205  239  241  242  254  253  247  221   70   11    0    0    0    0    0
   0    0    0    0    0    0    3   23  169  232  249  248  247  248  248  246  249  251  253  253  253  253  238  168   46    9    1    0    0    0    0    0
   0    0    0    0    0    0    0    4   31   54  127  185  200  183  167  174  208  246  254  254  254  228  146   43    7    1    0    0    0    0    0    0
   0    0    0    0    0    0    0    0    0    4   31   53   58   52   46   56  166  239  254  249  202  117   40    5    0    0    0    0    0    0    0    0
   0    0    0    0    0    0    0    0    0    0    0    0    0    0   12   75  203  246  254  199  107   30    1    0    0    0    0    0    0    0    0    0
   0    0    0    0    0    0    0    0    0    0    0    0    0   14   68  177  247  253  241  133   30    0    0    0    0    0    0    0    0    0    0    0
   0    0    0    0    0    0    0    0    0    0    0    0    8   56  163  246  253  251  190   74    3    0    0    0    0    0    0    0    0    0    0    0
   0    0    0    0    0    0    0    0    0    0    0    0   30  123  245  254  252  217   98   21    0    0    0    0    0    0    0    0    0    0    0    0
   0    0    0    0    0    0    0    0    0    0    0    0   61  174  254  253  240   94   19    0    0    0    0    0    0    0    0    0    0    0    0    0
   0    0    0    0    0    0    0    0    0    0    0    7  112  246  254  248  163   33    1    0    0    0    0    0    0    0    0    0    0    0    0    0
   0    0    0    0    0    0    0    0    0    0    7  110  216  253  247  206   47    7    0    0    0    0    0    0    0    0    0    0    0    0    0    0
   0    0    0    0    0    0    0    0    0    0   40  164  250  254  227  104    9    1    0    0    0    0    0    0    0    0    0    0    0    0    0    0
   0    0    0    0    0    0    0    0    0    0  105  210  254  233  158   27    2    0    0    0    0    0    0    0    0    0    0    0    0    0    0    0
   0    0    0    0    0    0    0    0    0    0  149  238  250  196   71    0    0    0    0    0    0    0    0    0    0    0    0    0    0    0    0    0
   0    0    0    0    0    0    0    0    0    0  132  227  228  139   14    0    0    0    0    0    0    0    0    0    0    0    0    0    0    0    0    0
   0    0    0    0    0    0    0    0    0    0   63  157  155   60    0    0    0    0    0    0    0    0    0    0    0    0    0    0    0    0    0    0
   0    0    0    0    0    0    0    0    0    0    0    0    0    0    0    0    0    0    0    0    0    0    0    0    0    0    0    0    0    0    0    0
