   0    0    0    0    0    0    0    0    0    0    0    0    0    0    0    0    0    0    0    0    0    0    0    0    0    0    0    0    0    0    0    0
   0    0    0    0    0    0    0    0    0    0    0    0    0    0    0    0    0    0    0    0    0    0    0    0    0    0    0    0    0    0    0    0
   0    0    0    0    0    0    0    0    0    0    0    0    0    0    0    0    0    0    0    0    0    0    0    0    0    0    0    0    0    0    0    0
   0    0    0    0    0    0    0    0    0    0    0    0    0    8   42  104  140  138   62   12    0    0    0    0    0    0    0    0    0    0    0    0
   0    0    0    0    0    0    0    0    0    0    0    0    0   34  128  214  250  242  143   44    0    0    0    0    0    0    0    0    0    0    0    0
   0    0    0    0    0    0    0    0    0    0    0    0    9   77  210  250  218  180  143   57    0    0    0    0    0    0    0    0    0    0    0    0
   0    0    0    0    0    0    0    0    0    0    0    2   45  142  237  230  119   46   41   20    0    0    0    0    0    0    0    0    0    0    0    0
   0    0    0    0    0    0    0    0    0    0    0   13  116  242  237  158   14    1    0    0    0    0    0    0    0    0    0    0    0    0    0    0
   0    0    0    0    0    0    0    0    0    0    0   41  151  251  216   60    5    0    0    0    0    0    0    0    0    0    0    0    0    0    0    0
   0    0    0    0    0    0    0    0    0    0    0   71  182  233  155   10    1    0    0    0    0    0    0    0    0    0    0    0    0    0    0    0
   0    0    0    0    0    0    0    0    0    0   10  113  217  205   83    0    0    0    0    0    0    0    0    0    0    0    0    0    0    0    0    0
   0    0    0    0    0    0    0    0    0    0   52  165  240  187   48    0    0    0    0    0    0    0    0    0    0    0    0    0    0    0    0    0
   0    0    0    0    0    0    0    0    0    0   92  201  240  164   23    0    0    0    0    0    0    0    0    0    0    0    0    0    0    0    0    0
   0    0    0    0    0    0    0    0    0    0  124  221  218  120    0    0    0    0    0    0    0    0    0    0    0    0    0    0    0    0    0    0
   0    0    0    0    0    0    0    0    0    0  158  243  194   88   27   35   47   48   48   44   31   13    0    0    0    0    0    0    0    0    0    0
   0    0    0    0    0    0    0    0    0    0  159  245  224  172  153  189  248  253  253  237  172   77    8    0    0    0    0    0    0    0    0    0
   0    0    0    0    0    0    0    0    0    0  158  243  251  247  245  248  252  221  240  251  247  201   89    0    0    0    0    0    0    0    0    0
   0    0    0    0    0    0    0    0    0    0  158  243  248  228  181  119  104   57   85  150  215  244  197   65    4    0    0    0    0    0    0    0
   0    0    0    0    0    0    0    0    0    0  113  214  221  142   52   28   22    6   16   44  134  235  225  100    6    0    0    0    0    0    0    0
   0    0    0    0    0    0    0    0    0    0   86  197  222  126    0    0    0    0    0    3   82  203  227  109    7    0    0    0    0    0    0    0
   0    0    0    0    0    0    0    0    0    0   77  192  234  144    3    0    0    0    0   12   95  209  227  109    7    0    0    0    0    0    0    0
   0    0    0    0    0    0    0    0    0    0   50  158  225  170   44    3    0    0    7   58  158  243  226  103    7    0    0    0    0    0    0    0
   0    0    0    0    0    0    0    0    0    0    0   74  183  224  147   34   15   15   51  146  225  242  201   72    5    0    0    0    0    0    0    0
   0    0    0    0    0    0    0    0    0    0    0    9  104  227  234  155   86   90  186  240  234  187   99    0    0    0    0    0    0    0    0    0
   0    0    0    0    0    0    0    0    0    0    0    1   27  113  232  246  241  242  248  216  133   44    7    0    0    0    0    0    0    0    0    0
   0    0    0    0    0    0    0    0    0    0    0    0    4   32  103  197  248  212  161   85   26    6    0    0    0    0    0    0    0    0    0    0
   0    0    0    0    0    0    0    0    0    0    0    0    0    5   23   58   77   63   44   17    1    0    0    0    0    0    0    0    0    0    0    0
   0    0    0    0    0    0    0    0    0    0    0    0    0    0    0    0    0    0    0    0    0    0    0    0    0    0    0    0    0    0    0    0
   0    0    0    0    0    0    0    0    0    0    0    0    0    0    0    0    0    0    0    0    0    0    0    0    0    0    0    0    0    0    0    0
   0    0    0    0    0    0    0    0    0    0    0    0    0    0    0    0    0    0    0    0    0    0    0    0    0    0    0    0    0    0    0    0
   0    0    0    0    0    0    0    0    0    0    0    0    0    0    0    0    0    0    0    0    0    0    0    0    0    0    0    0    0    0    0    0
   0    0    0    0    0    0    0    0    0    0    0    0    0    0    0    0    0    0    0    0    0    0    0    0    0    0    0    0    0    0    0    0
