   0    0    0    0    0    0    0    0    0    0    0    0    0    0    0    0    0    0    0    0    0    0    0    0    0    0    0    0    0    0    0    0
   0    0    0    0    0    0    0    0    0    0    0    0    0    0    0    0    0    0    0    0    0    0    0    0    0    0    0    0    0    0    0    0
   0    0    0    0    0    0    0    0    0    0    0    0    0    0    0    0    0    0    0    0    0    0    0    0    0    0    0    0    0    0    0    0
   0    0    0    0    0    0    0    0    0    0    0    0    0    0    0    0    0    0    0    0    0    0    0    0    0    0    0    0    0    0    0    0
   0    0    0    0    0    0    0    0    0    0    0    0    0    0    0    0    0    0    0    0    0    0    0    0    0    0    0    0    0    0    0    0
   0    0    0    0    0    0    0    0    0    0    5   37   52   32    8    0    0    0    0    0    0    0    0    0    4   20    9    1    0    0    0    0
   0    0    0    0    0    0    0    0    0    3   44  141  176  105   21    0    0    0    0    0    0    0    1    6   50   97   42    5    0    0    0    0
   0    0    0    0    0    0    0    0    1   23  171  240  207  109    0    0    0    0    0    0    0    0    4   35  209  230   97   15    0    0    0    0
   0    0    0    0    0    0    0    1   18  148  229  196   91    7    0    0    0    0    0    0    0    0   25  139  244  136   35    1    0    0    0    0
   0    0    0    0    0    0    0    3   57  207  249  136   25    0    0    0    0    0    0    0    0   11   72  230  191   59    9    0    0    0    0    0
   0    0    0    0    0    0    3   22  120  229  179   67    4    0    0    0    0    0    0    0   13   74  188  246  126   25    1    0    0    0    0    0
   0    0    0    0    0    0   19  108  204  223  103   21    0    0    0    0    0    0    0    0   34  130  236  190   50    7    0    0    0    0    0    0
   0    0    0    0    0    0   31  169  248  204   66    4    0    0    0    0    0    0    3   34  103  191  223   83    6    0    0    0    0    0    0    0
   0    0    0    0    0    0   30  168  247  211  106   58   40   22   22   22   22   38   59  125  201  237  184    0    0    0    0    0    0    0    0    0
   0    0    0    0    0    0   26  148  241  252  218  196  152  104  104  104  104  146  191  234  250  215  117    0    0    0    0    0    0    0    0    0
   0    0    0    0    0    0    9   58  204  236  244  251  253  250  246  246  246  242  249  253  236  159   26    0    0    0    0    0    0    0    0    0
   0    0    0    0    0    0    1    5   29   68  124  206  245  205  144  144  144   73  192  253  215  114    2    0    0    0    0    0    0    0    0    0
   0    0    0    0    0    0    0    0    3   11   22   38   46   38   26   26   26   34  186  232  142   32    0    0    0    0    0    0    0    0    0    0
   0    0    0    0    0    0    0    0    0    0    0    0    0    0    0    0    0   98  212  174   66    4    0    0    0    0    0    0    0    0    0    0
   0    0    0    0    0    0    0    0    0    0    0    0    0    0    0    3   45  182  236  141   33    0    0    0    0    0    0    0    0    0    0    0
   0    0    0    0    0    0    0    0    0    0    0    0    0    0    0    7  110  228  222  107   16    0    0    0    0    0    0    0    0    0    0    0
   0    0    0    0    0    0    0    0    0    0    0    0    0    0    0   11  170  238  167   56    0    0    0    0    0    0    0    0    0    0    0    0
   0    0    0    0    0    0    0    0    0    0    0    0    0    0    4   33  222  241  104   18    0    0    0    0    0    0    0    0    0    0    0    0
   0    0    0    0    0    0    0    0    0    0    0    0    0    0   21  119  245  232   72    0    1    1    0    0    0    0    0    0    0    0    0    0
   0    0    0    0    0    0    0    0    0    0    0    0    0    0   38  205  250  179   51    7   19   20    0    0    0    0    0    0    0    0    0    0
   0    0    0    0    0    0    0    0    0    0    0    0    0    0   39  211  250  173   99  127  154   94    0    0    0    0    0    0    0    0    0    0
   0    0    0    0    0    0    0    0    0    0    0    0    0    0   39  211  250  229  209  184  126   48    0    0    0    0    0    0    0    0    0    0
   0    0    0    0    0    0    0    0    0    0    0    0    0    0   23  131  212  190  142   94   45    9    0    0    0    0    0    0    0    0    0    0
   0    0    0    0    0    0    0    0    0    0    0    0    0    0    6   39  102   79   32    7    2    0    0    0    0    0    0    0    0    0    0    0
   0    0    0    0    0    0    0    0    0    0    0    0    0    0    0    0    0    0    0    0    0    0    0    0    0    0    0    0    0    0    0    0
   0    0    0    0    0    0    0    0    0    0    0    0    0    0    0    0    0    0    0    0    0    0    0    0    0    0    0    0    0    0    0    0
   0    0    0    0    0    0    0    0    0    0    0    0    0    0    0    0    0    0    0    0    0    0    0    0    0    0    0    0    0    0    0    0
