   0    0    0    0    0    0    0    0    0    0    0    0    0    0    0    0    0    0    0    0    0    0    0    0    0    0    0    0    0    0    0    0
   0    0    0    0    0    0    0    0    0    0    0    0    0    0    0    0    0    0    0    0    0    0    0    0    0    0    0    0    0    0    0    0
   0    0    0    0    0    0    0    0    0    0    0    0    0    0    0    0    0    0    0    0    0    0    0    0    0    0    0    0    0    0    0    0
   0    0    0    0    0    0    0    0    0    0    0    0    0    0    0    0    0    0    0    0    0    0    0    0    0    0    0    0    0    0    0    0
   0    0    0    0    0    0    0    0    0    0    0    0    0    0    0    0    0    0    0    0    0    0    0    0    0    0    0    0    0    0    0    0
   0    0    0    0    0    0    0    0    0    0    7   49   80   79   80   79   79   79   58   44   35   19    0    0    0    0    0    0    0    0    0    0
   0    0    0    0    0    0    0    0    0    0   22  157  255  254  255  254  254  254  199  163  138   89   17    0    0    0    0    0    0    0    0    0
   0    0    0    0    0    0    0    0    0    0   21  151  248  252  253  253  253  253  253  253  253  211   96    4    0    0    0    0    0    0    0    0
   0    0    0    0    0    0    0    0    0    0   11   84  182  244  253  253  253  253  253  253  253  250  203   26    2    0    0    0    0    0    0    0
   0    0    0    0    0    0    0    0    0    0    2   15   54  141  252  245  187  228  248  253  253  253  222   85    6    0    0    0    0    0    0    0
   0    0    0    0    0    0    0    0    0    0    0    2   64  175  244  194   61   85  147  215  251  253  239  170   21    2    0    0    0    0    0    0
   0    0    0    0    0    0    0    0    0    0    2   44  139  225  209   89    6   10   44  146  230  253  250  223   34    4    0    0    0    0    0    0
   0    0    0    0    0    0    0    0    0    0   11  110  214  229  147   14    1    0    0   76  184  251  253  241   72   12    0    0    0    0    0    0
   0    0    0    0    0    0    0    0    0    0   40  168  246  191   74    0    0    0    0   26  125  236  253  245  128   23    0    0    0    0    0    0
   0    0    0    0    0    0    0    0    0    7   97  202  217  126   16    0    0    0    0    0   74  195  253  246  155   28    0    0    0    0    0    0
   0    0    0    0    0    0    0    0    0   42  172  235  163   43    0    0    0    0    0    0   39  140  253  246  155   28    0    0    0    0    0    0
   0    0    0    0    0    0    0    0    0  116  218  216  108    3    0    0    0    0    0    0   39  140  253  246  155   28    0    0    0    0    0    0
   0    0    0    0    0    0    0    1   11  175  241  173   62    0    0    0    0    0    0    0   39  140  253  246  155   28    0    0    0    0    0    0
   0    0    0    0    0    0    0    1   17  202  251  163   52    0    0    0    0    0    0    0   39  140  253  246  155   28    0    0    0    0    0    0
   0    0    0    0    0    0    0    1   18  209  253  163   52    0    0    0    0    0    0    0   39  140  253  245  134   24    0    0    0    0    0    0
   0    0    0    0    0    0    0    1   18  209  253  173   62    0    0    0    0    0    0    0   39  140  250  227   79   13    0    0    0    0    0    0
   0    0    0    0    0    0    0    1   18  209  253  203   96    7    0    0    0    0    0    0   45  149  243  187   23    2    0    0    0    0    0    0
   0    0    0    0    0    0    0    1   18  209  253  242  162   55   18    1   13   18   19   29   89  183  224  123    9    0    0    0    0    0    0    0
   0    0    0    0    0    0    0    1   17  204  251  253  245  201  107   19   80  105  110  162  223  236  177   29    2    0    0    0    0    0    0    0
   0    0    0    0    0    0    0    0    3  135  226  253  252  249  236  217  235  242  243  247  251  210   95    2    0    0    0    0    0    0    0    0
   0    0    0    0    0    0    0    0    0   87  208  253  253  253  252  249  252  253  253  253  205  106   18    0    0    0    0    0    0    0    0    0
   0    0    0    0    0    0    0    0    0   25   84  189  253  253  253  253  253  253  253  201  107   26    1    0    0    0    0    0    0    0    0    0
   0    0    0    0    0    0    0    0    0    1   19   90  148  182  226  201  169  124  114   80   30    0    0    0    0    0    0    0    0    0    0    0
   0    0    0    0    0    0    0    0    0    0    6   20   38   71  115   91   58   13    3    2    1    0    0    0    0    0    0    0    0    0    0    0
   0    0    0    0    0    0    0    0    0    0    0    0    0    0    0    0    0    0    0    0    0    0    0    0    0    0    0    0    0    0    0    0
   0    0    0    0    0    0    0    0    0    0    0    0    0    0    0    0    0    0    0    0    0    0    0    0    0    0    0    0    0    0    0    0
   0    0    0    0    0    0    0    0    0    0    0    0    0    0    0    0    0    0    0    0    0    0    0    0    0    0    0    0    0    0    0    0
