   0    0    0    0    0    0    0    0    0    0    0    0    0    0    0    0    0    0    0    0    0    0    0    0    0    0    0    0    0    0    0    0
   0    0    0    0    0    0    0    0    0    0    0    0    0    0    0    0    0    0    0    0    0    0    0    0    0    0    0    0    0    0    0    0
   0    0    0    0    0    0    0    0    0    0    0    0    0    0    0    0    0    0    0    0    0    0    0    0    0    0    0    0    0    0    0    0
   0    0    0    0    0    0    0    0    0    0    0    0    0    0    0    0    0    0    0    0    0    0    0    0    0    0    0    0    0    0    0    0
   0    0    0    0    0    0    0    0    0    0    0    0    0    0    0    0    0    0    0    0    0    0    0    0    0    0    0    0    0    0    0    0
   0    0    0    0    0    0    0    2   33   61   21    0    0    0    0    0    0    0    0    2    9   11    0    0    0    0    0    0    0    0    0    0
   0    0    0    0    0    0    0    9  127  204   69    0    0    0    0    0    0    0    0   10   50   66   13    0    0    0    0    0    0    0    0    0
   0    0    0    0    0    0    0   15  219  248   79    0    0    0    0    0    0    0    0   29  139  201   71    0    0    0    0    0    0    0    0    0
   0    0    0    0    0    0    0   16  238  253   79    0    0    0    0    0    0    0    0   29  139  223  128    0    0    0    0    0    0    0    0    0
   0    0    0    0    0    0    0   16  237  252  102   15    0    0    0    0    0    0    0   29  139  240  175   15    1    0    0    0    0    0    0    0
   0    0    0    0    0    0    0   16  238  253  136   37    0    0    0    0    0    0    0   29  139  250  206   38    2    0    0    0    0    0    0    0
   0    0    0    0    0    0    0   16  238  252  149   45    0    0    0    0    0    0    0   29  139  252  215   47    3    0    0    0    0    0    0    0
   0    0    0    0    0    0    0   16  237  252  149   45    0    0    0    0    0    0    0   29  139  252  215   48   24   51   18    0    0    0    0    0
   0    0    0    0    0    0    0   16  238  253  140   39    0    0    0    0    0    0    0   36  146  249  206   53   93  129   43    0    0    0    0    0
   0    0    0    0    0    0    0   16  237  252  126   30    0    0    0    0    0    0    0   58  168  242  196   96  188  139   39    0    0    0    0    0
   0    0    0    0    0    0    0   16  238  253  149   45    0    0    0    0    0    0    2   89  197  253  253  247  195   51    6    0    0    0    0    0
   0    0    0    0    0    0    0   16  237  252  149   45    0    0    0    0    0    0   26  124  218  252  246  203   43    7    0    0    0    0    0    0
   0    0    0    0    0    0    0   13  192  244  234  159   78   41   41   46  103  162  201  230  247  253  221   76    8    1    0    0    0    0    0    0
   0    0    0    0    0    0    0    6   90  212  249  231  203  190  189  191  213  236  249  253  253  244  188   21    2    0    0    0    0    0    0    0
   0    0    0    0    0    0    0    1   21  124  213  248  253  254  251  246  226  197  175  216  254  235  160    4    0    0    0    0    0    0    0    0
   0    0    0    0    0    0    0    0    0   38  114  156  164  165  162  152  117   86   65  168  254  220  120    0    0    0    0    0    0    0    0    0
   0    0    0    0    0    0    0    0    0    0   14   28   34   34   33   26    2    0    0  125  235  215  109    0    0    0    0    0    0    0    0    0
   0    0    0    0    0    0    0    0    0    0    0    0    0    0    0    0    0    0    0   94  204  232  153    0    0    0    0    0    0    0    0    0
   0    0    0    0    0    0    0    0    0    0    0    0    0    0    0    0    0    0    0  132  242  211   98    0    0    0    0    0    0    0    0    0
   0    0    0    0    0    0    0    0    0    0    0    0    0    0    0    0    0    0    0  142  253  206   85    0    0    0    0    0    0    0    0    0
   0    0    0    0    0    0    0    0    0    0    0    0    0    0    0    0    0    0    0  142  253  205   83    0    0    0    0    0    0    0    0    0
   0    0    0    0    0    0    0    0    0    0    0    0    0    0    0    0    0    0    0  111  222  206   84    0    0    0    0    0    0    0    0    0
   0    0    0    0    0    0    0    0    0    0    0    0    0    0    0    0    0    0    0   46  137  167   65    0    0    0    0    0    0    0    0    0
   0    0    0    0    0    0    0    0    0    0    0    0    0    0    0    0    0    0    0    3   46   77   28    0    0    0    0    0    0    0    0    0
   0    0    0    0    0    0    0    0    0    0    0    0    0    0    0    0    0    0    0    0    0    0    0    0    0    0    0    0    0    0    0    0
   0    0    0    0    0    0    0    0    0    0    0    0    0    0    0    0    0    0    0    0    0    0    0    0    0    0    0    0    0    0    0    0
   0    0    0    0    0    0    0    0    0    0    0    0    0    0    0    0    0    0    0    0    0    0    0    0    0    0    0    0    0    0    0    0
